{"dataset":
{"both_all":
[[1620,1899,1729,1660,1782,1806,1683,1778,1787,1867,1706,1675,1689,1757,1802],
[1899,279,388,395,757,1414,893,1083,590,1296,689,581,923,944,699],
[1729,388,109,243,635,1348,768,1019,439,1219,573,434,800,851,575],
[1660,395,243,145,728,1425,799,1000,499,1226,597,475,795,870,633],
[1782,757,635,728,583,1863,1133,1231,810,1355,962,857,1067,1154,953],
[1806,1414,1348,1425,1863,1280,1412,1649,1507,1801,1409,1358,1550,1528,1490],
[1683,893,768,799,1133,1412,668,1604,1072,1653,910,781,1158,1175,1011],
[1778,1083,1019,1000,1231,1649,1604,936,1340,1495,1207,1178,1241,1363,1276],
[1787,590,439,499,810,1507,1072,1340,404,1234,851,731,1013,1014,789],
[1867,1296,1219,1226,1355,1801,1653,1495,1234,1187,1667,1528,1328,1542,1512],
[1706,689,573,597,962,1409,910,1207,851,1667,480,821,1074,1037,857],
[1675,581,434,475,857,1358,781,1178,731,1528,821,341,1010,973,707],
[1689,923,800,795,1067,1550,1158,1241,1013,1328,1074,1010,702,1474,1236],
[1757,944,851,870,1154,1528,1175,1363,1014,1542,1037,973,1474,772,1306],
[1802,699,575,633,953,1490,1011,1276,789,1512,857,707,1236,1306,534]]
,
"male_all":
[[763,891,813,780,832,855,790,831,846,885,794,788,800,817,850],
[891,128,178,188,341,668,433,464,300,596,328,273,448,438,311],
[813,178,50,113,282,646,374,430,237,568,265,208,395,384,262],
[780,188,113,70,327,684,392,427,262,570,283,228,396,397,288],
[832,341,282,327,257,871,534,533,388,624,440,391,499,527,429],
[855,668,646,684,871,614,671,765,733,855,664,650,748,715,706],
[790,433,374,392,534,671,328,720,549,782,435,380,568,548,481],
[831,464,430,427,533,765,720,392,613,694,517,514,563,608,554],
[846,300,237,262,388,733,549,613,221,573,435,375,512,483,388],
[885,596,568,570,624,855,782,694,573,554,777,718,628,723,698],
[794,328,265,283,440,664,435,517,435,777,223,387,517,472,398],
[788,273,208,228,391,650,380,514,375,718,387,164,498,444,327],
[800,448,395,396,499,748,568,563,512,628,517,498,351,700,592],
[817,438,384,397,527,715,548,608,483,723,472,444,700,349,590],
[850,311,262,288,429,706,481,554,388,698,398,327,592,590,241]]
,
"female_all":
[[857,1008,916,880,950,951,893,947,941,982,912,887,889,940,952],
[1008,151,210,207,416,746,460,619,290,700,361,308,475,506,388],
[916,210,59,130,353,702,394,589,202,651,308,226,405,467,313],
[880,207,130,75,401,741,407,573,237,656,314,247,399,473,345],
[950,416,353,401,326,992,599,698,422,731,522,466,568,627,524],
[951,746,702,741,992,666,741,884,774,946,745,708,802,813,784],
[893,460,394,407,599,741,340,884,523,871,475,401,590,627,530],
[947,619,589,573,698,884,884,544,727,801,690,664,678,755,722],
[941,290,202,237,422,774,523,727,183,661,416,356,501,531,401],
[982,700,651,656,731,946,871,801,661,633,890,810,700,819,814],
[912,361,308,314,522,745,475,690,416,890,257,434,557,565,459],
[887,308,226,247,466,708,401,664,356,810,434,177,512,529,380],
[889,475,405,399,568,802,590,678,501,700,557,512,351,774,644],
[940,506,467,473,627,813,627,755,531,819,565,529,774,423,716],
[952,388,313,345,524,784,530,722,401,814,459,380,644,716,293]]
,
"both_young":
[[266,341,288,277,306,312,287,313,295,324,289,282,294,301,300],
[341,75,97,99,192,222,187,223,103,238,150,125,212,166,135],
[288,97,22,53,157,197,151,201,55,215,110,82,177,130,100],
[277,99,53,33,179,217,160,193,76,221,117,91,177,141,111],
[306,192,157,179,146,330,230,258,167,250,212,193,231,222,202],
[312,222,197,217,330,184,235,286,210,306,220,205,275,234,222],
[287,187,151,160,230,235,131,318,176,292,178,155,246,204,175],
[313,223,201,193,258,286,318,187,232,271,238,228,247,248,242],
[295,103,55,76,167,210,176,232,45,214,133,106,190,145,118],
[324,238,215,221,250,306,292,271,214,207,300,270,236,275,266],
[289,150,110,117,212,220,178,238,133,300,93,156,229,168,152],
[282,125,82,91,193,205,155,228,106,270,156,63,218,154,117],
[294,212,177,177,231,275,246,247,190,236,229,218,160,277,246],
[301,166,130,141,222,234,204,248,145,275,168,154,277,117,203],
[300,135,100,111,202,222,175,242,118,266,152,117,246,203,86]]
,
"male_young":
[[121,156,130,126,139,142,130,139,138,148,129,130,139,129,139],
[156,35,44,48,84,103,92,96,47,108,66,61,103,70,62],
[130,44,9,25,66,92,73,86,24,95,44,44,91,46,46],
[126,48,25,17,79,103,80,81,38,100,50,49,92,55,52],
[139,84,66,79,62,148,105,112,72,109,92,88,108,90,91],
[142,103,92,103,148,86,110,128,99,142,97,98,133,100,104],
[130,92,73,80,105,110,65,143,87,131,84,80,120,86,89],
[139,96,86,81,112,128,143,78,100,124,97,100,117,102,102],
[138,47,24,38,72,99,87,100,22,96,58,55,96,57,56],
[148,108,95,100,109,142,131,124,96,93,130,128,111,117,123],
[129,66,44,50,92,97,84,97,58,130,37,72,106,65,68],
[130,61,44,49,88,98,80,100,55,128,72,35,116,63,56],
[139,103,91,92,108,133,120,117,96,111,106,116,84,124,125],
[129,70,46,55,90,100,86,102,57,117,65,63,124,40,81],
[139,62,46,52,91,104,89,102,56,123,68,56,125,81,41]]
,
"female_young":
[[145,185,158,151,167,170,157,174,157,176,160,152,155,172,161],
[185,40,53,51,108,119,95,127,56,130,84,64,109,96,73],
[158,53,13,28,91,105,78,115,31,120,66,38,86,84,54],
[151,51,28,16,100,114,80,112,38,121,67,42,85,86,59],
[167,108,91,100,84,182,125,146,95,141,120,105,123,132,111],
[170,119,105,114,182,98,125,158,111,164,123,107,142,134,118],
[157,95,78,80,125,125,66,175,89,161,94,75,126,118,86],
[174,127,115,112,146,158,175,109,132,147,141,128,130,146,140],
[157,56,31,38,95,111,89,132,23,118,75,51,94,88,62],
[176,130,120,121,141,164,161,147,118,114,170,142,125,158,143],
[160,84,66,67,120,123,94,141,75,170,56,84,123,103,84],
[152,64,38,42,105,107,75,128,51,142,84,28,102,91,61],
[155,109,86,85,123,142,126,130,94,125,123,102,76,153,121],
[172,96,84,86,132,134,118,146,88,158,103,91,153,77,122],
[161,73,54,59,111,118,86,140,62,143,84,61,121,122,45]]
,
"both_mature":
[[576,651,603,585,623,622,591,621,618,640,600,590,595,616,619],
[651,75,102,113,242,473,299,363,166,450,206,172,349,295,184],
[603,102,27,68,211,453,262,340,130,426,176,130,312,269,151],
[585,113,68,44,243,479,274,349,143,426,191,149,314,278,174],
[623,242,211,243,199,634,397,413,266,477,319,280,401,384,291],
[622,473,453,479,634,435,481,562,505,613,472,463,541,518,489],
[591,299,262,274,397,481,237,560,355,581,302,269,435,394,323],
[621,363,340,349,413,562,560,323,441,504,417,403,452,463,409],
[618,166,130,143,266,505,355,441,118,431,263,220,369,323,222],
[640,450,426,426,477,613,581,504,431,419,571,526,474,535,507],
[600,206,176,191,319,472,302,417,263,571,152,259,399,333,250],
[590,172,130,149,280,463,269,403,220,526,259,107,383,312,197],
[595,349,312,314,401,541,435,452,369,474,399,383,289,540,427],
[616,295,269,278,384,518,394,463,323,535,333,312,540,251,389],
[619,184,151,174,291,489,323,409,222,507,250,197,427,389,138]]
,
"male_mature":
[[282,311,292,285,298,302,286,298,301,307,292,286,290,293,302],
[311,29,39,51,107,221,146,158,75,200,104,75,168,132,79],
[292,39,10,31,96,214,131,145,65,192,91,58,153,116,72],
[285,51,31,23,113,231,141,155,71,192,104,71,157,125,85],
[298,107,96,113,90,298,196,179,126,212,160,129,186,179,136],
[302,221,214,231,298,208,226,267,244,295,223,219,268,237,232],
[286,146,131,141,196,226,121,261,181,276,156,131,220,186,157],
[298,158,145,155,179,267,261,140,200,229,190,182,209,205,187],
[301,75,65,71,126,244,181,200,60,194,141,106,182,150,109],
[307,200,192,192,212,295,276,229,194,189,272,238,219,249,231],
[292,104,91,104,160,223,156,190,141,272,83,132,205,154,128],
[286,75,58,71,129,219,131,182,106,238,132,49,187,138,94],
[290,168,153,157,186,268,220,209,182,219,205,187,145,255,211],
[293,132,116,125,179,237,186,205,150,249,154,138,255,110,176],
[302,79,72,85,136,232,157,187,109,231,128,94,211,176,66]]
,
"female_mature":
[[294,340,311,300,325,320,305,323,317,333,308,304,305,323,317],
[340,46,63,62,135,252,153,205,91,250,102,97,181,163,105],
[311,63,17,37,115,239,131,195,65,234,85,72,159,153,79],
[300,62,37,21,130,248,133,194,72,234,87,78,157,153,89],
[325,135,115,130,109,336,201,234,140,265,159,151,215,205,155],
[320,252,239,248,336,227,255,295,261,318,249,244,273,281,257],
[305,153,131,133,201,255,116,299,174,305,146,138,215,208,166],
[323,205,195,194,234,295,299,183,241,275,227,221,243,258,222],
[317,91,65,72,140,261,174,241,58,237,122,114,187,173,113],
[333,250,234,234,265,318,305,275,237,230,299,288,255,286,276],
[308,102,85,87,159,249,146,227,122,299,69,127,194,179,122],
[304,97,72,78,151,244,138,221,114,288,127,58,196,174,103],
[305,181,159,157,215,273,215,243,187,255,194,196,144,285,216],
[323,163,153,153,205,281,208,258,173,286,179,174,285,141,213],
[317,105,79,89,155,257,166,222,113,276,122,103,216,213,72]]
,
"both_old":
[[1620,1899,1729,1660,1782,1806,1683,1778,1787,1867,1706,1675,1689,1757,1802],
[1899,279,388,395,757,1414,893,1083,590,1296,689,581,923,944,699],
[1729,388,109,243,635,1348,768,1019,439,1219,573,434,800,851,575],
[1660,395,243,145,728,1425,799,1000,499,1226,597,475,795,870,633],
[1782,757,635,728,583,1863,1133,1231,810,1355,962,857,1067,1154,953],
[1806,1414,1348,1425,1863,1280,1412,1649,1507,1801,1409,1358,1550,1528,1490],
[1683,893,768,799,1133,1412,668,1604,1072,1653,910,781,1158,1175,1011],
[1778,1083,1019,1000,1231,1649,1604,936,1340,1495,1207,1178,1241,1363,1276],
[1787,590,439,499,810,1507,1072,1340,404,1234,851,731,1013,1014,789],
[1867,1296,1219,1226,1355,1801,1653,1495,1234,1187,1667,1528,1328,1542,1512],
[1706,689,573,597,962,1409,910,1207,851,1667,480,821,1074,1037,857],
[1675,581,434,475,857,1358,781,1178,731,1528,821,341,1010,973,707],
[1689,923,800,795,1067,1550,1158,1241,1013,1328,1074,1010,702,1474,1236],
[1757,944,851,870,1154,1528,1175,1363,1014,1542,1037,973,1474,772,1306],
[1802,699,575,633,953,1490,1011,1276,789,1512,857,707,1236,1306,534]]
,
"male_old":
[[763,891,813,780,832,855,790,831,846,885,794,788,800,817,850],
[891,128,178,188,341,668,433,464,300,596,328,273,448,438,311],
[813,178,50,113,282,646,374,430,237,568,265,208,395,384,262],
[780,188,113,70,327,684,392,427,262,570,283,228,396,397,288],
[832,341,282,327,257,871,534,533,388,624,440,391,499,527,429],
[855,668,646,684,871,614,671,765,733,855,664,650,748,715,706],
[790,433,374,392,534,671,328,720,549,782,435,380,568,548,481],
[831,464,430,427,533,765,720,392,613,694,517,514,563,608,554],
[846,300,237,262,388,733,549,613,221,573,435,375,512,483,388],
[885,596,568,570,624,855,782,694,573,554,777,718,628,723,698],
[794,328,265,283,440,664,435,517,435,777,223,387,517,472,398],
[788,273,208,228,391,650,380,514,375,718,387,164,498,444,327],
[800,448,395,396,499,748,568,563,512,628,517,498,351,700,592],
[817,438,384,397,527,715,548,608,483,723,472,444,700,349,590],
[850,311,262,288,429,706,481,554,388,698,398,327,592,590,241]]
,
"female_old":
[[857,1008,916,880,950,951,893,947,941,982,912,887,889,940,952],
[1008,151,210,207,416,746,460,619,290,700,361,308,475,506,388],
[916,210,59,130,353,702,394,589,202,651,308,226,405,467,313],
[880,207,130,75,401,741,407,573,237,656,314,247,399,473,345],
[950,416,353,401,326,992,599,698,422,731,522,466,568,627,524],
[951,746,702,741,992,666,741,884,774,946,745,708,802,813,784],
[893,460,394,407,599,741,340,884,523,871,475,401,590,627,530],
[947,619,589,573,698,884,884,544,727,801,690,664,678,755,722],
[941,290,202,237,422,774,523,727,183,661,416,356,501,531,401],
[982,700,651,656,731,946,871,801,661,633,890,810,700,819,814],
[912,361,308,314,522,745,475,690,416,890,257,434,557,565,459],
[887,308,226,247,466,708,401,664,356,810,434,177,512,529,380],
[889,475,405,399,568,802,590,678,501,700,557,512,351,774,644],
[940,506,467,473,627,813,627,755,531,819,565,529,774,423,716],
[952,388,313,345,524,784,530,722,401,814,459,380,644,716,293]]
,
"both_elderly":
[[206,242,222,216,220,234,212,225,233,239,217,214,212,222,236],
[242,36,52,52,96,182,103,137,90,157,100,73,92,127,111],
[222,52,16,36,74,180,89,134,67,150,85,55,78,119,93],
[216,52,36,23,89,192,96,132,76,149,91,64,81,122,101],
[220,96,74,89,66,235,131,150,109,172,116,102,109,145,136],
[234,182,180,192,235,169,177,214,205,225,195,176,192,201,203],
[212,103,89,96,131,177,73,192,139,196,115,93,119,145,140],
[225,137,134,132,150,214,192,119,185,196,155,145,146,177,173],
[233,90,67,76,109,205,139,185,66,154,132,104,117,146,127],
[239,157,150,149,172,225,196,196,154,144,216,186,159,188,199],
[217,100,85,91,116,195,115,155,132,216,72,114,122,148,132],
[214,73,55,64,102,176,93,145,104,186,114,42,101,132,109],
[212,92,78,81,109,192,119,146,117,159,122,101,62,167,153],
[222,127,119,122,145,201,145,177,146,188,148,132,167,105,196],
[236,111,93,101,136,203,140,173,127,199,132,109,153,196,91]]
,
"male_elderly":
[[107,128,113,109,114,125,113,118,117,125,111,112,110,117,121],
[128,21,27,30,51,95,60,64,52,82,56,38,48,77,51],
[113,27,6,15,33,98,51,58,37,77,43,26,36,70,40],
[109,30,15,10,42,102,55,58,41,78,46,30,39,71,44],
[114,51,33,42,32,124,71,71,56,91,57,50,56,80,62],
[125,95,98,102,124,92,98,111,109,115,107,96,99,113,106],
[113,60,51,55,71,98,45,98,81,108,62,54,67,86,71],
[118,64,58,58,71,111,98,53,89,98,75,67,68,94,78],
[117,52,37,41,56,109,81,89,36,78,73,55,59,84,63],
[125,82,77,78,91,115,108,98,78,75,113,96,83,101,100],
[111,56,43,46,57,107,62,75,73,113,38,59,62,86,62],
[112,38,26,30,50,96,54,67,55,96,59,21,49,77,50],
[110,48,36,39,56,99,67,68,59,83,62,49,30,95,69],
[117,77,70,71,80,113,86,94,84,101,86,77,95,65,104],
[121,51,40,44,62,106,71,78,63,100,62,50,69,104,39]]
,
"female_elderly":
[[99,114,109,107,106,109,99,107,116,114,106,102,102,105,115],
[114,15,25,22,45,87,43,73,38,75,44,35,44,50,60],
[109,25,10,21,41,82,38,76,30,73,42,29,42,49,53],
[107,22,21,13,47,90,41,74,35,71,45,34,42,51,57],
[106,45,41,47,34,111,60,79,53,81,59,52,53,65,74],
[109,87,82,90,111,77,79,103,96,110,88,80,93,88,97],
[99,43,38,41,60,79,28,94,58,88,53,39,52,59,69],
[107,73,76,74,79,103,94,66,96,98,80,78,78,83,95],
[116,38,30,35,53,96,58,96,30,76,59,49,58,62,64],
[114,75,73,71,81,110,88,98,76,69,103,90,76,87,99],
[106,44,42,45,59,88,53,80,59,103,34,55,60,62,70],
[102,35,29,34,52,80,39,78,49,90,55,21,52,55,59],
[102,44,42,42,53,93,52,78,58,76,60,52,32,72,84],
[105,50,49,51,65,88,59,83,62,87,62,55,72,40,92],
[115,60,53,57,74,97,69,95,64,99,70,59,84,92,52]]}}