{"dataset":{"both_all":[[1031,0,0,617,377,37,528,391,112,528,420,83,83,176,772],[0,526,0,231,226,69,395,112,19,43,277,206,11,71,444],[0,0,451,99,178,174,357,80,14,7,122,322,15,32,404],[617,231,99,947,0,0,546,315,86,459,363,125,94,192,661],[377,226,178,0,781,0,515,215,51,116,391,274,13,72,696],[37,69,174,0,0,280,219,53,8,3,65,212,2,15,263],[528,395,357,546,515,219,1280,0,0,265,522,493,41,145,1094],[391,112,80,315,215,53,0,583,0,242,238,103,57,105,421],[112,19,14,86,51,8,0,0,145,71,59,15,11,29,105],[528,43,7,459,116,3,265,242,71,578,0,0,79,119,380],[420,277,122,363,391,65,522,238,59,0,819,0,22,109,688],[83,206,322,125,274,212,493,103,15,0,0,611,8,51,552],[83,11,15,94,13,2,41,57,11,79,22,8,109,0,0],[176,71,32,192,72,15,145,105,29,119,109,51,0,279,0],[772,444,404,661,696,263,1094,421,105,380,688,552,0,0,1620]],"male_all":[[486,0,0,288,175,23,253,176,57,263,182,41,39,80,367],[0,246,0,99,114,33,194,45,7,22,116,108,5,32,209],[0,0,209,50,86,73,167,36,6,6,55,148,6,16,187],[288,99,50,437,0,0,261,134,42,228,148,61,44,86,307],[175,114,86,0,375,0,251,99,25,61,174,140,5,34,336],[23,33,73,0,0,129,102,24,3,2,31,96,1,8,120],[253,194,167,261,251,102,614,0,0,136,235,243,18,74,522],[176,45,36,134,99,24,0,257,0,116,94,47,25,44,188],[57,7,6,42,25,3,0,0,70,39,24,7,7,10,53],[263,22,6,228,61,2,136,116,39,291,0,0,37,60,194],[182,116,55,148,174,31,235,94,24,0,353,0,10,46,297],[41,108,148,61,140,96,243,47,7,0,0,297,3,22,272],[39,5,6,44,5,1,18,25,7,37,10,3,50,0,0],[80,32,16,86,34,8,74,44,10,60,46,22,0,128,0],[367,209,187,307,336,120,522,188,53,194,297,272,0,0,763]],"female_all":[[545,0,0,329,202,14,275,215,55,265,238,42,44,96,405],[0,280,0,132,112,36,201,67,12,21,161,98,6,39,235],[0,0,242,49,92,101,190,44,8,1,67,174,9,16,217],[329,132,49,510,0,0,285,181,44,231,215,64,50,106,354],[202,112,92,0,406,0,264,116,26,55,217,134,8,38,360],[14,36,101,0,0,151,117,29,5,1,34,116,1,7,143],[275,201,190,285,264,117,666,0,0,129,287,250,23,71,572],[215,67,44,181,116,29,0,326,0,126,144,56,32,61,233],[55,12,8,44,26,5,0,0,75,32,35,8,4,19,52],[265,21,1,231,55,1,129,126,32,287,0,0,42,59,186],[238,161,67,215,217,34,287,144,35,0,466,0,12,63,391],[42,98,174,64,134,116,250,56,8,0,0,314,5,29,280],[44,6,9,50,8,1,23,32,4,42,12,5,59,0,0],[96,39,16,106,38,7,71,61,19,59,63,29,0,151,0],[405,235,217,354,360,143,572,233,52,186,391,280,0,0,857]],"both_young":[[176,0,0,67,95,14,75,80,21,58,103,15,15,41,120],[0,108,0,48,52,8,59,43,6,9,57,42,4,21,83],[0,0,79,19,38,22,50,23,6,0,25,54,3,13,63],[67,48,19,134,0,0,70,54,10,48,59,27,15,42,77],[95,52,38,0,185,0,92,72,21,17,107,61,6,29,150],[14,8,22,0,0,44,22,20,2,2,19,23,1,4,39],[75,59,50,70,92,22,184,0,0,27,87,70,9,37,138],[80,43,23,54,72,20,0,146,0,33,75,38,11,29,106],[21,6,6,10,21,2,0,0,33,7,23,3,2,9,22],[58,9,0,48,17,2,27,33,7,67,0,0,13,22,32],[103,57,25,59,107,19,87,75,23,0,185,0,7,34,144],[15,42,54,27,61,23,70,38,3,0,0,111,2,19,90],[15,4,3,15,6,1,9,11,2,13,7,2,22,0,0],[41,21,13,42,29,4,37,29,9,22,34,19,0,75,0],[120,83,63,77,150,39,138,106,22,32,144,90,0,0,266]],"male_young":[[86,0,0,29,49,8,36,38,12,29,48,9,9,18,59],[0,42,0,14,23,5,25,15,2,4,16,22,0,9,33],[0,0,37,9,19,9,25,9,3,0,14,23,0,8,29],[29,14,9,52,0,0,28,20,4,21,19,12,7,16,29],[49,23,19,0,91,0,47,32,12,11,50,30,2,16,73],[8,5,9,0,0,22,11,10,1,1,9,12,0,3,19],[36,25,25,28,47,11,86,0,0,13,38,35,3,18,65],[38,15,9,20,32,10,0,62,0,16,28,18,5,13,44],[12,2,3,4,12,1,0,0,17,4,12,1,1,4,12],[29,4,0,21,11,1,13,16,4,33,0,0,8,12,13],[48,16,14,19,50,9,38,28,12,0,78,0,0,15,63],[9,22,23,12,30,12,35,18,1,0,0,54,1,8,45],[9,0,0,7,2,0,3,5,1,8,0,1,9,0,0],[18,9,8,16,16,3,18,13,4,12,15,8,0,35,0],[59,33,29,29,73,19,65,44,12,13,63,45,0,0,121]],"female_young":[[90,0,0,38,46,6,39,42,9,29,55,6,6,23,61],[0,66,0,34,29,3,34,28,4,5,41,20,4,12,50],[0,0,42,10,19,13,25,14,3,0,11,31,3,5,34],[38,34,10,82,0,0,42,34,6,27,40,15,8,26,48],[46,29,19,0,94,0,45,40,9,6,57,31,4,13,77],[6,3,13,0,0,22,11,10,1,1,10,11,1,1,20],[39,34,25,42,45,11,98,0,0,14,49,35,6,19,73],[42,28,14,34,40,10,0,84,0,17,47,20,6,16,62],[9,4,3,6,9,1,0,0,16,3,11,2,1,5,10],[29,5,0,27,6,1,14,17,3,34,0,0,5,10,19],[55,41,11,40,57,10,49,47,11,0,107,0,7,19,81],[6,20,31,15,31,11,35,20,2,0,0,57,1,11,45],[6,4,3,8,4,1,6,6,1,5,7,1,13,0,0],[23,12,5,26,13,1,19,16,5,10,19,11,0,40,0],[61,50,34,48,77,20,73,62,10,19,81,45,0,0,145]],"both_mature":[[347,0,0,189,147,11,173,138,36,174,142,31,19,50,278],[0,186,0,65,90,31,151,30,5,12,95,79,1,17,168],[0,0,145,35,53,57,111,31,3,3,37,105,7,8,130],[189,65,35,289,0,0,169,98,22,137,117,35,22,52,215],[147,90,53,0,290,0,191,80,19,51,140,99,5,19,266],[11,31,57,0,0,99,75,21,3,1,17,81,0,4,95],[173,151,111,169,191,75,435,0,0,82,178,175,9,37,389],[138,30,31,98,80,21,0,199,0,84,83,32,15,32,152],[36,5,3,22,19,3,0,0,44,23,13,8,3,6,35],[174,12,3,137,51,1,82,84,23,189,0,0,18,38,133],[142,95,37,117,140,17,178,83,13,0,274,0,6,25,243],[31,79,105,35,99,81,175,32,8,0,0,215,3,12,200],[19,1,7,22,5,0,9,15,3,18,6,3,27,0,0],[50,17,8,52,19,4,37,32,6,38,25,12,0,75,0],[278,168,130,215,266,95,389,152,35,133,243,200,0,0,576]],"male_mature":[[152,0,0,83,61,8,72,60,20,80,57,15,6,18,128],[0,100,0,35,51,14,81,17,2,4,47,49,1,7,92],[0,0,69,17,25,27,55,13,1,3,16,50,3,4,62],[83,35,17,135,0,0,81,41,13,63,51,21,8,20,107],[61,51,25,0,137,0,88,40,9,23,58,56,2,8,127],[8,14,27,0,0,49,39,9,1,1,11,37,0,1,48],[72,81,55,81,88,39,208,0,0,37,75,96,4,16,188],[60,17,13,41,40,9,0,90,0,36,40,14,4,12,74],[20,2,1,13,9,1,0,0,23,14,5,4,2,1,20],[80,4,3,63,23,1,37,36,14,87,0,0,6,18,63],[57,47,16,51,58,11,75,40,5,0,120,0,4,7,109],[15,49,50,21,56,37,96,14,4,0,0,114,0,4,110],[6,1,3,8,2,0,4,4,2,6,4,0,10,0,0],[18,7,4,20,8,1,16,12,1,18,7,4,0,29,0],[128,92,62,107,127,48,188,74,20,63,109,110,0,0,282]],"female_mature":[[195,0,0,106,86,3,101,78,16,94,85,16,13,32,150],[0,86,0,30,39,17,70,13,3,8,48,30,0,10,76],[0,0,76,18,28,30,56,18,2,0,21,55,4,4,68],[106,30,18,154,0,0,88,57,9,74,66,14,14,32,108],[86,39,28,0,153,0,103,40,10,28,82,43,3,11,139],[3,17,30,0,0,50,36,12,2,0,6,44,0,3,47],[101,70,56,88,103,36,227,0,0,45,103,79,5,21,201],[78,13,18,57,40,12,0,109,0,48,43,18,11,20,78],[16,3,2,9,10,2,0,0,21,9,8,4,1,5,15],[94,8,0,74,28,0,45,48,9,102,0,0,12,20,70],[85,48,21,66,82,6,103,43,8,0,154,0,2,18,134],[16,30,55,14,43,44,79,18,4,0,0,101,3,8,90],[13,0,4,14,3,0,5,11,1,12,2,3,17,0,0],[32,10,4,32,11,3,21,20,5,20,18,8,0,46,0],[150,76,68,108,139,47,201,78,15,70,134,90,0,0,294]],"both_older":[[376,0,0,265,103,8,210,131,35,218,136,22,36,63,277],[0,162,0,84,55,23,131,25,6,15,87,60,3,23,136],[0,0,171,34,62,75,151,16,4,2,43,126,5,7,159],[265,84,34,383,0,0,227,121,35,200,136,47,42,71,270],[103,55,62,0,220,0,170,43,7,35,107,78,1,18,201],[8,23,75,0,0,106,95,8,3,0,23,83,1,4,101],[210,131,151,227,170,95,492,0,0,113,195,184,18,48,426],[131,25,16,121,43,8,0,172,0,96,55,21,23,38,111],[35,6,4,35,7,3,0,0,45,26,16,3,3,7,35],[218,15,2,200,35,0,113,96,26,235,0,0,34,45,156],[136,87,43,136,107,23,195,55,16,0,266,0,7,32,227],[22,60,126,47,78,83,184,21,3,0,0,208,3,16,189],[36,3,5,42,1,1,18,23,3,34,7,3,44,0,0],[63,23,7,71,18,4,48,38,7,45,32,16,0,93,0],[277,136,159,270,201,101,426,111,35,156,227,189,0,0,572]],"male_older":[[182,0,0,126,52,4,104,60,18,113,58,11,19,33,130],[0,67,0,29,29,9,60,6,1,9,35,23,3,9,55],[0,0,72,17,26,29,64,7,1,2,18,52,3,1,68],[126,29,17,172,0,0,105,51,16,105,50,17,23,36,113],[52,29,26,0,107,0,86,18,3,19,52,36,1,6,100],[4,9,29,0,0,42,37,4,1,0,9,33,1,1,40],[104,60,64,105,86,37,228,0,0,61,90,77,11,22,195],[60,6,7,51,18,4,0,73,0,48,18,7,11,17,45],[18,1,1,16,3,1,0,0,20,15,3,2,3,4,13],[113,9,2,105,19,0,61,48,15,124,0,0,18,23,83],[58,35,18,50,52,9,90,18,3,0,111,0,5,14,92],[11,23,52,17,36,33,77,7,2,0,0,86,2,6,78],[19,3,3,23,1,1,11,11,3,18,5,2,25,0,0],[33,9,1,36,6,1,22,17,4,23,14,6,0,43,0],[130,55,68,113,100,40,195,45,13,83,92,78,0,0,253]],"female_older":[[194,0,0,139,51,4,106,71,17,105,78,11,17,30,147],[0,95,0,55,26,14,71,19,5,6,52,37,0,14,81],[0,0,99,17,36,46,87,9,3,0,25,74,2,6,91],[139,55,17,211,0,0,122,70,19,95,86,30,19,35,157],[51,26,36,0,113,0,84,25,4,16,55,42,0,12,101],[4,14,46,0,0,64,58,4,2,0,14,50,0,3,61],[106,71,87,122,84,58,264,0,0,52,105,107,7,26,231],[71,19,9,70,25,4,0,99,0,48,37,14,12,21,66],[17,5,3,19,4,2,0,0,25,11,13,1,0,3,22],[105,6,0,95,16,0,52,48,11,111,0,0,16,22,73],[78,52,25,86,55,14,105,37,13,0,155,0,2,18,135],[11,37,74,30,42,50,107,14,1,0,0,122,1,10,111],[17,0,2,19,0,0,7,12,0,16,2,1,19,0,0],[30,14,6,35,12,3,26,21,3,22,18,10,0,50,0],[147,81,91,157,101,61,231,66,22,73,135,111,0,0,319]],"both_elderly":[[132,0,0,96,32,4,70,42,20,78,39,15,13,22,97],[0,70,0,34,29,7,54,14,2,7,38,25,3,10,57],[0,0,56,11,25,20,45,10,1,2,17,37,0,4,52],[96,34,11,141,0,0,80,42,19,74,51,16,15,27,99],[32,29,25,0,86,0,62,20,4,13,37,36,1,6,79],[4,7,20,0,0,31,27,4,0,0,6,25,0,3,28],[70,54,45,80,62,27,169,0,0,43,62,64,5,23,141],[42,14,10,42,20,4,0,66,0,29,25,12,8,6,52],[20,2,1,19,4,0,0,0,23,15,7,1,3,7,13],[78,7,2,74,13,0,43,29,15,87,0,0,14,14,59],[39,38,17,51,37,6,62,25,7,0,94,0,2,18,74],[15,25,37,16,36,25,64,12,1,0,0,77,0,4,73],[13,3,0,15,1,0,5,8,3,14,2,0,16,0,0],[22,10,4,27,6,3,23,6,7,14,18,4,0,36,0],[97,57,52,99,79,28,141,52,13,59,74,73,0,0,206]],"male_elderly":[[66,0,0,50,13,3,41,18,7,41,19,6,5,11,50],[0,37,0,21,11,5,28,7,2,5,18,14,1,7,29],[0,0,31,7,16,8,23,7,1,1,7,23,0,3,28],[50,21,7,78,0,0,47,22,9,39,28,11,6,14,58],[13,11,16,0,40,0,30,9,1,8,14,18,0,4,36],[3,5,8,0,0,16,15,1,0,0,2,14,0,3,13],[41,28,23,47,30,15,92,0,0,25,32,35,0,18,74],[18,7,7,22,9,1,0,32,0,16,8,8,5,2,25],[7,2,1,9,1,0,0,0,10,6,4,0,1,1,8],[41,5,1,39,8,0,25,16,6,47,0,0,5,7,35],[19,18,7,28,14,2,32,8,4,0,44,0,1,10,33],[6,14,23,11,18,14,35,8,0,0,0,43,0,4,39],[5,1,0,6,0,0,0,5,1,5,1,0,6,0,0],[11,7,3,14,4,3,18,2,1,7,10,4,0,21,0],[50,29,28,58,36,13,74,25,8,35,33,39,0,0,107]],"female_elderly":[[66,0,0,46,19,1,29,24,13,37,20,9,8,11,47],[0,33,0,13,18,2,26,7,0,2,20,11,2,3,28],[0,0,25,4,9,12,22,3,0,1,10,14,0,1,24],[46,13,4,63,0,0,33,20,10,35,23,5,9,13,41],[19,18,9,0,46,0,32,11,3,5,23,18,1,2,43],[1,2,12,0,0,15,12,3,0,0,4,11,0,0,15],[29,26,22,33,32,12,77,0,0,18,30,29,5,5,67],[24,7,3,20,11,3,0,34,0,13,17,4,3,4,27],[13,0,0,10,3,0,0,0,13,9,3,1,2,6,5],[37,2,1,35,5,0,18,13,9,40,0,0,9,7,24],[20,20,10,23,23,4,30,17,3,0,50,0,1,8,41],[9,11,14,5,18,11,29,4,1,0,0,34,0,0,34],[8,2,0,9,1,0,5,3,2,9,1,0,10,0,0],[11,3,1,13,2,0,5,4,6,7,8,0,0,15,0],[47,28,24,41,43,15,67,27,5,24,41,34,0,0,99]]}}