{"dataset":{"both_all":[[341,821,1528,707,973,1010,1358,857,475,731,1178,781,434,581,1675],[821,480,1667,857,1037,1074,1409,962,597,851,1207,910,573,689,1706],[1528,1667,1187,1512,1542,1328,1801,1355,1226,1234,1495,1653,1219,1296,1867],[707,857,1512,534,1306,1236,1490,953,633,789,1276,1011,575,699,1802],[973,1037,1542,1306,772,1474,1528,1154,870,1014,1363,1175,851,944,1757],[1010,1074,1328,1236,1474,702,1550,1067,795,1013,1241,1158,800,923,1689],[1358,1409,1801,1490,1528,1550,1280,1863,1425,1507,1649,1412,1348,1414,1806],[857,962,1355,953,1154,1067,1863,583,728,810,1231,1133,635,757,1782],[475,597,1226,633,870,795,1425,728,145,499,1000,799,243,395,1660],[731,851,1234,789,1014,1013,1507,810,499,404,1340,1072,439,590,1787],[1178,1207,1495,1276,1363,1241,1649,1231,1000,1340,936,1604,1019,1083,1778],[781,910,1653,1011,1175,1158,1412,1133,799,1072,1604,668,768,893,1683],[434,573,1219,575,851,800,1348,635,243,439,1019,768,109,388,1729],[581,689,1296,699,944,923,1414,757,395,590,1083,893,388,279,1899],[1675,1706,1867,1802,1757,1689,1806,1782,1660,1787,1778,1683,1729,1899,1620]],"male_all":[[164,387,718,327,444,498,650,391,228,375,514,380,208,273,788],[387,223,777,398,472,517,664,440,283,435,517,435,265,328,794],[718,777,554,698,723,628,855,624,570,573,694,782,568,596,885],[327,398,698,241,590,592,706,429,288,388,554,481,262,311,850],[444,472,723,590,349,700,715,527,397,483,608,548,384,438,817],[498,517,628,592,700,351,748,499,396,512,563,568,395,448,800],[650,664,855,706,715,748,614,871,684,733,765,671,646,668,855],[391,440,624,429,527,499,871,257,327,388,533,534,282,341,832],[228,283,570,288,397,396,684,327,70,262,427,392,113,188,780],[375,435,573,388,483,512,733,388,262,221,613,549,237,300,846],[514,517,694,554,608,563,765,533,427,613,392,720,430,464,831],[380,435,782,481,548,568,671,534,392,549,720,328,374,433,790],[208,265,568,262,384,395,646,282,113,237,430,374,50,178,813],[273,328,596,311,438,448,668,341,188,300,464,433,178,128,891],[788,794,885,850,817,800,855,832,780,846,831,790,813,891,763]],"female_all":[[177,434,810,380,529,512,708,466,247,356,664,401,226,308,887],[434,257,890,459,565,557,745,522,314,416,690,475,308,361,912],[810,890,633,814,819,700,946,731,656,661,801,871,651,700,982],[380,459,814,293,716,644,784,524,345,401,722,530,313,388,952],[529,565,819,716,423,774,813,627,473,531,755,627,467,506,940],[512,557,700,644,774,351,802,568,399,501,678,590,405,475,889],[708,745,946,784,813,802,666,992,741,774,884,741,702,746,951],[466,522,731,524,627,568,992,326,401,422,698,599,353,416,950],[247,314,656,345,473,399,741,401,75,237,573,407,130,207,880],[356,416,661,401,531,501,774,422,237,183,727,523,202,290,941],[664,690,801,722,755,678,884,698,573,727,544,884,589,619,947],[401,475,871,530,627,590,741,599,407,523,884,340,394,460,893],[226,308,651,313,467,405,702,353,130,202,589,394,59,210,916],[308,361,700,388,506,475,746,416,207,290,619,460,210,151,1008],[887,912,982,952,940,889,951,950,880,941,947,893,916,1008,857]],"both_young":[[63,156,270,117,154,218,205,193,91,106,228,155,82,125,282],[156,93,300,152,168,229,220,212,117,133,238,178,110,150,289],[270,300,207,266,275,236,306,250,221,214,271,292,215,238,324],[117,152,266,86,203,246,222,202,111,118,242,175,100,135,300],[154,168,275,203,117,277,234,222,141,145,248,204,130,166,301],[218,229,236,246,277,160,275,231,177,190,247,246,177,212,294],[205,220,306,222,234,275,184,330,217,210,286,235,197,222,312],[193,212,250,202,222,231,330,146,179,167,258,230,157,192,306],[91,117,221,111,141,177,217,179,33,76,193,160,53,99,277],[106,133,214,118,145,190,210,167,76,45,232,176,55,103,295],[228,238,271,242,248,247,286,258,193,232,187,318,201,223,313],[155,178,292,175,204,246,235,230,160,176,318,131,151,187,287],[82,110,215,100,130,177,197,157,53,55,201,151,22,97,288],[125,150,238,135,166,212,222,192,99,103,223,187,97,75,341],[282,289,324,300,301,294,312,306,277,295,313,287,288,341,266]],"male_young":[[35,72,128,56,63,116,98,88,49,55,100,80,44,61,130],[72,37,130,68,65,106,97,92,50,58,97,84,44,66,129],[128,130,93,123,117,111,142,109,100,96,124,131,95,108,148],[56,68,123,41,81,125,104,91,52,56,102,89,46,62,139],[63,65,117,81,40,124,100,90,55,57,102,86,46,70,129],[116,106,111,125,124,84,133,108,92,96,117,120,91,103,139],[98,97,142,104,100,133,86,148,103,99,128,110,92,103,142],[88,92,109,91,90,108,148,62,79,72,112,105,66,84,139],[49,50,100,52,55,92,103,79,17,38,81,80,25,48,126],[55,58,96,56,57,96,99,72,38,22,100,87,24,47,138],[100,97,124,102,102,117,128,112,81,100,78,143,86,96,139],[80,84,131,89,86,120,110,105,80,87,143,65,73,92,130],[44,44,95,46,46,91,92,66,25,24,86,73,9,44,130],[61,66,108,62,70,103,103,84,48,47,96,92,44,35,156],[130,129,148,139,129,139,142,139,126,138,139,130,130,156,121]],"female_young":[[28,84,142,61,91,102,107,105,42,51,128,75,38,64,152],[84,56,170,84,103,123,123,120,67,75,141,94,66,84,160],[142,170,114,143,158,125,164,141,121,118,147,161,120,130,176],[61,84,143,45,122,121,118,111,59,62,140,86,54,73,161],[91,103,158,122,77,153,134,132,86,88,146,118,84,96,172],[102,123,125,121,153,76,142,123,85,94,130,126,86,109,155],[107,123,164,118,134,142,98,182,114,111,158,125,105,119,170],[105,120,141,111,132,123,182,84,100,95,146,125,91,108,167],[42,67,121,59,86,85,114,100,16,38,112,80,28,51,151],[51,75,118,62,88,94,111,95,38,23,132,89,31,56,157],[128,141,147,140,146,130,158,146,112,132,109,175,115,127,174],[75,94,161,86,118,126,125,125,80,89,175,66,78,95,157],[38,66,120,54,84,86,105,91,28,31,115,78,13,53,158],[64,84,130,73,96,109,119,108,51,56,127,95,53,40,185],[152,160,176,161,172,155,170,167,151,157,174,157,158,185,145]],"both_mature":[[107,259,526,197,312,383,463,280,149,220,403,269,130,172,590],[259,152,571,250,333,399,472,319,191,263,417,302,176,206,600],[526,571,419,507,535,474,613,477,426,431,504,581,426,450,640],[197,250,507,138,389,427,489,291,174,222,409,323,151,184,619],[312,333,535,389,251,540,518,384,278,323,463,394,269,295,616],[383,399,474,427,540,289,541,401,314,369,452,435,312,349,595],[463,472,613,489,518,541,435,634,479,505,562,481,453,473,622],[280,319,477,291,384,401,634,199,243,266,413,397,211,242,623],[149,191,426,174,278,314,479,243,44,143,349,274,68,113,585],[220,263,431,222,323,369,505,266,143,118,441,355,130,166,618],[403,417,504,409,463,452,562,413,349,441,323,560,340,363,621],[269,302,581,323,394,435,481,397,274,355,560,237,262,299,591],[130,176,426,151,269,312,453,211,68,130,340,262,27,102,603],[172,206,450,184,295,349,473,242,113,166,363,299,102,75,651],[590,600,640,619,616,595,622,623,585,618,621,591,603,651,576]],"male_mature":[[49,132,238,94,138,187,219,129,71,106,182,131,58,75,286],[132,83,272,128,154,205,223,160,104,141,190,156,91,104,292],[238,272,189,231,249,219,295,212,192,194,229,276,192,200,307],[94,128,231,66,176,211,232,136,85,109,187,157,72,79,302],[138,154,249,176,110,255,237,179,125,150,205,186,116,132,293],[187,205,219,211,255,145,268,186,157,182,209,220,153,168,290],[219,223,295,232,237,268,208,298,231,244,267,226,214,221,302],[129,160,212,136,179,186,298,90,113,126,179,196,96,107,298],[71,104,192,85,125,157,231,113,23,71,155,141,31,51,285],[106,141,194,109,150,182,244,126,71,60,200,181,65,75,301],[182,190,229,187,205,209,267,179,155,200,140,261,145,158,298],[131,156,276,157,186,220,226,196,141,181,261,121,131,146,286],[58,91,192,72,116,153,214,96,31,65,145,131,10,39,292],[75,104,200,79,132,168,221,107,51,75,158,146,39,29,311],[286,292,307,302,293,290,302,298,285,301,298,286,292,311,282]],"female_mature":[[58,127,288,103,174,196,244,151,78,114,221,138,72,97,304],[127,69,299,122,179,194,249,159,87,122,227,146,85,102,308],[288,299,230,276,286,255,318,265,234,237,275,305,234,250,333],[103,122,276,72,213,216,257,155,89,113,222,166,79,105,317],[174,179,286,213,141,285,281,205,153,173,258,208,153,163,323],[196,194,255,216,285,144,273,215,157,187,243,215,159,181,305],[244,249,318,257,281,273,227,336,248,261,295,255,239,252,320],[151,159,265,155,205,215,336,109,130,140,234,201,115,135,325],[78,87,234,89,153,157,248,130,21,72,194,133,37,62,300],[114,122,237,113,173,187,261,140,72,58,241,174,65,91,317],[221,227,275,222,258,243,295,234,194,241,183,299,195,205,323],[138,146,305,166,208,215,255,201,133,174,299,116,131,153,305],[72,85,234,79,153,159,239,115,37,65,195,131,17,63,311],[97,102,250,105,163,181,252,135,62,91,205,153,63,46,340],[304,308,333,317,323,305,320,325,300,317,323,305,311,340,294]],"both_older":[[129,292,546,284,375,308,514,282,171,301,402,264,167,211,589],[292,163,580,323,388,324,522,315,198,323,397,315,202,233,600],[546,580,417,540,544,459,657,456,430,435,524,584,428,451,664],[284,323,540,219,518,410,576,324,247,322,452,373,231,269,647],[375,388,544,518,299,490,575,403,329,400,475,432,333,356,618],[308,324,459,410,490,191,542,326,223,337,396,358,233,270,588],[514,522,657,576,575,542,492,664,537,587,587,519,518,537,638],[282,315,456,324,403,326,664,172,217,268,410,375,193,227,633],[171,198,430,247,329,223,537,217,45,204,326,269,86,131,582],[301,323,435,322,400,337,587,268,204,175,482,402,187,231,641],[402,397,524,452,475,396,587,410,326,482,307,534,344,360,619],[264,315,584,373,432,358,519,375,269,402,534,227,266,304,593],[167,202,428,231,333,233,518,193,86,187,344,266,44,137,616],[211,233,451,269,356,270,537,227,131,231,360,304,137,93,665],[589,600,664,647,618,588,638,633,582,641,619,593,616,665,572]],"male_older":[[59,124,256,127,166,146,237,124,78,159,165,115,80,99,260],[124,65,262,140,167,144,237,131,83,163,155,133,87,102,262],[256,262,197,244,256,215,303,212,200,205,243,267,204,206,305],[127,140,244,95,229,187,264,140,107,160,187,164,104,119,288],[166,167,256,229,134,226,265,178,146,192,207,190,152,159,278],[146,144,215,187,226,92,248,149,108,175,169,161,115,129,261],[237,237,303,264,265,248,228,301,248,281,259,237,242,249,286],[124,131,212,140,178,149,301,73,93,134,171,162,87,99,281],[78,83,200,107,146,108,248,93,20,112,133,116,42,59,260],[159,163,205,160,192,175,281,134,112,103,224,200,111,126,290],[165,155,243,187,207,169,259,171,133,224,121,218,141,146,276],[115,133,267,164,190,161,237,162,116,200,218,97,119,135,261],[80,87,204,104,152,115,242,87,42,111,141,119,25,68,278],[99,102,206,119,159,129,249,99,59,126,146,135,68,43,296],[260,262,305,288,278,261,286,281,260,290,276,261,278,296,253]],"female_older":[[70,168,290,157,209,162,277,158,93,142,237,149,87,112,329],[168,98,318,183,221,180,285,184,115,160,242,182,115,131,338],[290,318,220,296,288,244,354,244,230,230,281,317,224,245,359],[157,183,296,124,289,223,312,184,140,162,265,209,127,150,359],[209,221,288,289,165,264,310,225,183,208,268,242,181,197,340],[162,180,244,223,264,99,294,177,115,162,227,197,118,141,327],[277,285,354,312,310,294,264,363,289,306,328,282,276,288,352],[158,184,244,184,225,177,363,99,124,134,239,213,106,128,352],[93,115,230,140,183,115,289,124,25,92,193,153,44,72,322],[142,160,230,162,208,162,306,134,92,72,258,202,76,105,351],[237,242,281,265,268,227,328,239,193,258,186,316,203,214,343],[149,182,317,209,242,197,282,213,153,202,316,130,147,169,332],[87,115,224,127,181,118,276,106,44,76,203,147,19,69,338],[112,131,245,150,197,141,288,128,72,105,214,169,69,50,369],[329,338,359,359,340,327,352,352,322,351,343,332,338,369,319]],"both_elderly":[[42,114,186,109,132,101,176,102,64,104,145,93,55,73,214],[114,72,216,132,148,122,195,116,91,132,155,115,85,100,217],[186,216,144,199,188,159,225,172,149,154,196,196,150,157,239],[109,132,199,91,196,153,203,136,101,127,173,140,93,111,236],[132,148,188,196,105,167,201,145,122,146,177,145,119,127,222],[101,122,159,153,167,62,192,109,81,117,146,119,78,92,212],[176,195,225,203,201,192,169,235,192,205,214,177,180,182,234],[102,116,172,136,145,109,235,66,89,109,150,131,74,96,220],[64,91,149,101,122,81,192,89,23,76,132,96,36,52,216],[104,132,154,127,146,117,205,109,76,66,185,139,67,90,233],[145,155,196,173,177,146,214,150,132,185,119,192,134,137,225],[93,115,196,140,145,119,177,131,96,139,192,73,89,103,212],[55,85,150,93,119,78,180,74,36,67,134,89,16,52,222],[73,100,157,111,127,92,182,96,52,90,137,103,52,36,242],[214,217,239,236,222,212,234,220,216,233,225,212,222,242,206]],"male_elderly":[[21,59,96,50,77,49,96,50,30,55,67,54,26,38,112],[59,38,113,62,86,62,107,57,46,73,75,62,43,56,111],[96,113,75,100,101,83,115,91,78,78,98,108,77,82,125],[50,62,100,39,104,69,106,62,44,63,78,71,40,51,121],[77,86,101,104,65,95,113,80,71,84,94,86,70,77,117],[49,62,83,69,95,30,99,56,39,59,68,67,36,48,110],[96,107,115,106,113,99,92,124,102,109,111,98,98,95,125],[50,57,91,62,80,56,124,32,42,56,71,71,33,51,114],[30,46,78,44,71,39,102,42,10,41,58,55,15,30,109],[55,73,78,63,84,59,109,56,41,36,89,81,37,52,117],[67,75,98,78,94,68,111,71,58,89,53,98,58,64,118],[54,62,108,71,86,67,98,71,55,81,98,45,51,60,113],[26,43,77,40,70,36,98,33,15,37,58,51,6,27,113],[38,56,82,51,77,48,95,51,30,52,64,60,27,21,128],[112,111,125,121,117,110,125,114,109,117,118,113,113,128,107]],"female_elderly":[[21,55,90,59,55,52,80,52,34,49,78,39,29,35,102],[55,34,103,70,62,60,88,59,45,59,80,53,42,44,106],[90,103,69,99,87,76,110,81,71,76,98,88,73,75,114],[59,70,99,52,92,84,97,74,57,64,95,69,53,60,115],[55,62,87,92,40,72,88,65,51,62,83,59,49,50,105],[52,60,76,84,72,32,93,53,42,58,78,52,42,44,102],[80,88,110,97,88,93,77,111,90,96,103,79,82,87,109],[52,59,81,74,65,53,111,34,47,53,79,60,41,45,106],[34,45,71,57,51,42,90,47,13,35,74,41,21,22,107],[49,59,76,64,62,58,96,53,35,30,96,58,30,38,116],[78,80,98,95,83,78,103,79,74,96,66,94,76,73,107],[39,53,88,69,59,52,79,60,41,58,94,28,38,43,99],[29,42,73,53,49,42,82,41,21,30,76,38,10,25,109],[35,44,75,60,50,44,87,45,22,38,73,43,25,15,114],[102,106,114,115,105,102,109,106,107,116,107,99,109,114,99]]}}