{"dataset":{"both_all":[[1031,1557,1482,1361,1435,1274,1783,1223,1064,1081,1430,1559,1057,1134,1879],[1557,526,977,1242,1081,737,1411,997,652,1061,1068,931,624,734,1702],[1482,977,451,1299,1054,557,1374,954,582,1022,1148,740,545,698,1667],[1361,1242,1299,947,1728,1227,1681,1215,1006,1066,1403,1433,962,1034,1906],[1435,1081,1054,1728,781,1061,1546,1149,875,1243,1209,1118,877,988,1705],[1274,737,557,1227,1061,280,1341,810,417,855,1034,679,387,544,1637],[1783,1411,1374,1681,1546,1341,1280,1863,1425,1593,1577,1398,1348,1414,1806],[1223,997,954,1215,1149,810,1863,583,728,919,1164,1091,635,757,1782],[1064,652,582,1006,875,417,1425,728,145,652,905,741,243,395,1660],[1081,1061,1022,1066,1243,855,1593,919,652,578,1397,1189,608,738,1818],[1430,1068,1148,1403,1209,1034,1577,1164,905,1397,819,1430,906,989,1751],[1559,931,740,1433,1118,679,1398,1091,741,1189,1430,611,712,839,1679],[1057,624,545,962,877,387,1348,635,243,608,906,712,109,388,1729],[1134,734,698,1034,988,544,1414,757,395,738,989,839,388,279,1899],[1879,1702,1667,1906,1705,1637,1806,1782,1660,1818,1751,1679,1729,1899,1620]],"male_all":[[486,732,695,635,686,592,847,567,499,514,657,742,497,534,882],[732,246,455,584,507,342,666,458,309,515,483,435,291,342,800],[695,455,209,596,498,265,656,430,273,494,507,358,253,321,785],[635,584,596,437,812,566,790,560,465,500,642,673,443,479,893],[686,507,498,812,375,504,738,533,420,605,554,532,420,469,802],[592,342,265,566,504,129,641,362,196,418,451,330,178,249,772],[847,666,656,790,738,641,614,871,684,769,732,668,646,668,855],[567,458,430,560,533,362,871,257,327,432,516,507,282,341,832],[499,309,273,465,420,196,684,327,70,322,399,360,113,188,780],[514,515,494,500,605,418,769,432,322,291,644,588,304,359,860],[657,483,507,642,554,451,732,516,399,644,353,650,393,435,819],[742,435,358,673,532,330,668,507,360,588,650,297,344,403,788],[497,291,253,443,420,178,646,282,113,304,393,344,50,178,813],[534,342,321,479,469,249,668,341,188,359,435,403,178,128,891],[882,800,785,893,802,772,855,832,780,860,819,788,813,891,763]],"female_all":[[545,825,787,726,749,682,936,656,565,567,773,817,560,600,997],[825,280,522,658,574,395,745,539,343,546,585,496,333,392,902],[787,522,242,703,556,292,718,524,309,528,641,382,292,377,882],[726,658,703,510,916,661,891,655,541,566,761,760,519,555,1013],[749,574,556,916,406,557,808,616,455,638,655,586,457,519,903],[682,395,292,661,557,151,700,448,221,437,583,349,209,295,865],[936,745,718,891,808,700,666,992,741,824,845,730,702,746,951],[656,539,524,655,616,448,992,326,401,487,648,584,353,416,950],[565,343,309,541,455,221,741,401,75,330,506,381,130,207,880],[567,546,528,566,638,437,824,487,330,287,753,601,304,379,958],[773,585,641,761,655,583,845,648,506,753,466,780,513,554,932],[817,496,382,760,586,349,730,584,381,601,780,314,368,436,891],[560,333,292,519,457,209,702,353,130,304,513,368,59,210,916],[600,392,377,555,519,295,746,416,207,379,554,436,210,151,1008],[997,902,882,1013,903,865,951,950,880,958,932,891,916,1008,857]],"both_young":[[176,284,255,243,266,206,285,242,188,185,258,272,183,210,322],[284,108,187,194,241,144,233,211,135,166,236,177,126,162,291],[255,187,79,194,226,101,213,202,106,146,239,136,98,141,282],[243,194,194,134,319,178,248,226,157,153,260,218,141,167,323],[266,241,226,319,185,229,277,259,197,235,263,235,201,231,301],[206,144,101,178,229,44,206,170,75,109,210,132,65,115,271],[285,233,213,248,277,206,184,330,217,224,282,225,197,222,312],[242,211,202,226,259,170,330,146,179,180,256,219,157,192,306],[188,135,106,157,197,75,217,179,33,93,195,141,53,99,277],[185,166,146,153,235,109,224,180,93,67,252,178,76,120,301],[258,236,239,260,263,210,282,256,195,252,185,296,200,226,307],[272,177,136,218,235,132,225,219,141,178,296,111,131,167,287],[183,126,98,141,201,65,197,157,53,76,200,131,22,97,288],[210,162,141,167,231,115,222,192,99,120,226,167,97,75,341],[322,291,282,323,301,271,312,306,277,301,307,287,288,341,266]],"male_young":[[86,128,123,109,128,100,136,110,91,90,116,131,86,103,148],[128,42,79,80,110,59,103,89,57,71,104,74,51,68,130],[123,79,37,80,109,50,98,90,51,70,101,68,46,64,129],[109,80,80,52,143,74,110,94,65,64,111,94,54,71,144],[128,110,109,143,91,113,130,121,96,113,119,115,98,110,139],[100,59,50,74,113,22,97,74,38,54,91,64,31,54,124],[136,103,98,110,130,97,86,148,103,106,126,105,92,103,142],[110,89,90,94,121,74,148,62,79,79,112,98,66,84,139],[91,57,51,65,96,38,103,79,17,46,83,70,25,48,126],[90,71,70,64,113,54,106,79,46,33,111,87,34,56,141],[116,104,101,111,119,91,126,112,83,111,78,132,87,98,136],[131,74,68,94,115,64,105,98,70,87,132,54,62,81,130],[86,51,46,54,98,31,92,66,25,34,87,62,9,44,130],[103,68,64,71,110,54,103,84,48,56,98,81,44,35,156],[148,130,129,144,139,124,142,139,126,141,136,130,130,156,121]],"female_young":[[90,156,132,134,138,106,149,132,97,95,142,141,97,107,174],[156,66,108,114,131,85,130,122,78,95,132,103,75,94,161],[132,108,42,114,117,51,115,112,55,76,138,68,52,77,153],[134,114,114,82,176,104,138,132,92,89,149,124,87,96,179],[138,131,117,176,94,116,147,138,101,122,144,120,103,121,162],[106,85,51,104,116,22,109,96,37,55,119,68,34,61,147],[149,130,115,138,147,109,98,182,114,118,156,120,105,119,170],[132,122,112,132,138,96,182,84,100,101,144,121,91,108,167],[97,78,55,92,101,37,114,100,16,47,112,71,28,51,151],[95,95,76,89,122,55,118,101,47,34,141,91,42,64,160],[142,132,138,149,144,119,156,144,112,141,107,164,113,128,171],[141,103,68,124,120,68,120,121,71,91,164,57,69,86,157],[97,75,52,87,103,34,105,91,28,42,113,69,13,53,158],[107,94,77,96,121,61,119,108,51,64,128,86,53,40,185],[174,161,153,179,162,147,170,167,151,160,171,157,158,185,145]],"both_mature":[[347,533,492,447,490,435,609,408,355,362,479,531,355,372,645],[533,186,331,410,386,254,470,355,225,363,365,322,212,244,594],[492,331,145,399,382,187,469,313,186,331,382,255,165,212,591],[447,410,399,289,579,388,555,390,311,341,446,469,294,312,650],[490,386,382,579,290,389,534,409,315,428,424,406,312,346,600],[435,254,187,388,389,99,459,277,140,287,356,233,126,170,580],[609,470,469,555,534,459,435,634,479,542,531,475,453,473,622],[408,355,313,390,409,277,634,199,243,304,390,382,211,242,623],[355,225,186,311,315,140,479,243,44,210,305,251,68,113,585],[362,363,331,341,428,287,542,304,210,189,463,404,198,226,632],[479,365,382,446,424,356,531,390,305,463,274,489,295,324,607],[531,322,255,469,406,233,475,382,251,404,489,215,239,278,591],[355,212,165,294,312,126,453,211,68,198,295,239,27,102,603],[372,244,212,312,346,170,473,242,113,226,324,278,102,75,651],[645,594,591,650,600,580,622,623,585,632,607,591,603,651,576]],"male_mature":[[152,252,221,204,228,193,288,182,155,159,215,251,156,163,306],[252,100,169,200,186,135,227,173,121,183,173,165,109,122,290],[221,169,69,187,181,91,222,146,91,153,173,133,76,94,289],[204,200,187,135,272,184,262,184,145,159,204,228,137,144,310],[228,186,181,272,137,186,257,187,151,201,199,195,145,158,292],[193,135,91,184,186,49,218,130,71,135,158,126,59,77,283],[288,227,222,262,257,218,208,298,231,258,253,226,214,221,302],[182,173,146,184,187,130,298,90,113,141,170,190,96,107,298],[155,121,91,145,151,71,231,113,23,96,138,133,31,51,285],[159,183,153,159,201,135,258,141,96,87,207,201,91,98,306],[215,173,173,204,199,158,253,170,138,207,120,234,126,142,293],[251,165,133,228,195,126,226,190,133,201,234,114,124,139,286],[156,109,76,137,145,59,214,96,31,91,126,124,10,39,292],[163,122,94,144,158,77,221,107,51,98,142,139,39,29,311],[306,290,289,310,292,283,302,298,285,306,293,286,292,311,282]],"female_mature":[[195,281,271,243,262,242,321,226,200,203,264,280,199,209,339],[281,86,162,210,200,119,243,182,104,180,192,157,103,122,304],[271,162,76,212,201,96,247,167,95,178,209,122,89,118,302],[243,210,212,154,307,204,293,206,166,182,242,241,157,168,340],[262,200,201,307,153,203,277,222,164,227,225,211,167,188,308],[242,119,96,204,203,50,241,147,69,152,198,107,67,93,297],[321,243,247,293,277,241,227,336,248,284,278,249,239,252,320],[226,182,167,206,222,147,336,109,130,163,220,192,115,135,325],[200,104,95,166,164,69,248,130,21,114,167,118,37,62,300],[203,180,178,182,227,152,284,163,114,102,256,203,107,128,326],[264,192,209,242,225,198,278,220,167,256,154,255,169,182,314],[280,157,122,241,211,107,249,192,118,203,255,101,115,139,305],[199,103,89,157,167,67,239,115,37,107,169,115,17,63,311],[209,122,118,168,188,93,252,135,62,128,182,139,63,46,340],[339,304,302,340,308,297,320,325,300,326,314,305,311,340,294]],"both_older":[[376,538,547,494,493,474,658,417,386,393,506,562,384,406,671],[538,162,333,461,327,245,523,309,201,382,341,310,203,232,598],[547,333,171,520,329,202,512,327,212,404,394,253,210,257,584],[494,461,520,383,603,489,648,434,393,418,513,544,385,405,685],[493,327,329,603,220,326,542,349,258,420,379,350,263,295,591],[474,245,202,489,326,106,503,270,148,341,349,231,149,195,577],[658,523,512,648,542,503,492,664,537,614,563,516,518,537,638],[417,309,327,434,349,270,664,172,217,311,383,359,193,227,633],[386,201,212,393,258,148,537,217,45,254,295,250,86,131,582],[393,382,404,418,420,341,614,311,254,235,501,443,245,283,651],[506,341,394,513,379,349,563,383,295,501,266,474,303,327,611],[562,310,253,544,350,231,516,359,250,443,474,208,249,285,591],[384,203,210,385,263,149,518,193,86,245,303,249,44,137,616],[406,232,257,405,295,195,537,227,131,283,327,285,137,93,665],[671,598,584,685,591,577,638,633,582,651,611,591,616,665,572]],"male_older":[[182,249,254,228,237,220,306,195,184,193,235,257,188,192,305],[249,67,139,210,145,100,235,134,86,182,143,130,89,101,265],[254,139,72,227,153,85,236,138,91,194,165,106,94,114,257],[228,210,227,172,279,214,295,194,176,191,233,241,174,179,312],[237,145,153,279,107,149,249,162,124,212,166,157,131,144,260],[220,100,85,214,149,42,233,111,61,166,144,95,66,84,255],[306,235,236,295,249,233,228,301,248,291,249,237,242,249,286],[195,134,138,194,162,111,301,73,93,149,166,152,87,99,281],[184,86,91,176,124,61,248,93,20,129,128,104,42,59,260],[193,182,194,191,212,166,291,149,129,124,235,210,131,144,294],[235,143,165,233,166,144,249,166,128,235,111,197,131,140,272],[257,130,106,241,157,95,237,152,104,210,197,86,109,123,261],[188,89,94,174,131,66,242,87,42,131,131,109,25,68,278],[192,101,114,179,144,84,249,99,59,144,140,123,68,43,296],[305,265,257,312,260,255,286,281,260,294,272,261,278,296,253]],"female_older":[[194,289,293,266,256,254,352,222,202,200,271,305,196,214,366],[289,95,194,251,182,145,288,175,115,200,198,180,114,131,333],[293,194,99,293,176,117,276,189,121,210,229,147,116,143,327],[266,251,293,211,324,275,353,240,217,227,280,303,211,226,373],[256,182,176,324,113,177,293,187,134,208,213,193,132,151,331],[254,145,117,275,177,64,270,159,87,175,205,136,83,111,322],[352,288,276,353,293,270,264,363,289,323,314,279,276,288,352],[222,175,189,240,187,159,363,99,124,162,217,207,106,128,352],[202,115,121,217,134,87,289,124,25,125,167,146,44,72,322],[200,200,210,227,208,175,323,162,125,111,266,233,114,139,357],[271,198,229,280,213,205,314,217,167,266,155,277,172,187,339],[305,180,147,303,193,136,279,207,146,233,277,122,140,162,330],[196,114,116,211,132,83,276,106,44,114,172,140,19,69,338],[214,131,143,226,151,111,288,128,72,139,187,162,69,50,369],[366,333,327,373,331,322,352,352,322,357,339,330,338,369,319]],"both_elderly":[[132,202,188,177,186,159,231,156,135,141,187,194,135,146,241],[202,70,126,177,127,94,185,122,91,150,126,122,83,96,219],[188,126,56,186,117,67,180,112,78,141,133,96,72,88,210],[177,177,186,141,227,172,230,165,145,154,184,202,142,150,248],[186,127,117,227,86,117,193,132,105,160,143,127,101,116,213],[159,94,67,172,117,31,173,93,54,118,119,83,47,64,209],[231,185,180,230,193,173,169,235,192,213,201,182,180,182,234],[156,122,112,165,132,93,235,66,89,124,135,131,74,96,220],[135,91,78,145,105,54,192,89,23,95,110,99,36,52,216],[141,150,141,154,160,118,213,124,95,87,181,164,89,109,234],[187,126,133,184,143,119,201,135,110,181,94,171,108,112,226],[194,122,96,202,127,83,182,131,99,164,171,77,93,109,210],[135,83,72,142,101,47,180,74,36,89,108,93,16,52,222],[146,96,88,150,116,64,182,96,52,109,112,109,52,36,242],[241,219,210,248,213,209,234,220,216,234,226,210,222,242,206]],"male_elderly":[[66,103,97,94,93,79,117,80,69,72,91,103,67,76,123],[103,37,68,94,66,48,101,62,45,79,63,66,42,51,115],[97,68,31,102,55,39,100,56,40,77,68,51,37,49,110],[94,94,102,78,118,94,123,88,79,86,94,110,78,85,127],[93,66,55,118,40,56,102,63,49,79,70,65,46,57,111],[79,48,39,94,56,16,93,47,26,63,58,45,22,34,110],[117,101,100,123,102,93,92,124,102,114,104,100,98,95,125],[80,62,56,88,63,47,124,32,42,63,68,67,33,51,114],[69,45,40,79,49,26,102,42,10,51,50,53,15,30,109],[72,79,77,86,79,63,114,63,51,47,91,90,48,61,119],[91,63,68,94,70,58,104,68,50,91,44,87,49,55,118],[103,66,51,110,65,45,100,67,53,90,87,43,49,60,111],[67,42,37,78,46,22,98,33,15,48,49,49,6,27,113],[76,51,49,85,57,34,95,51,30,61,55,60,27,21,128],[123,115,110,127,111,110,125,114,109,119,118,111,113,128,107]],"female_elderly":[[66,99,91,83,93,80,114,76,66,69,96,91,68,70,118],[99,33,58,83,61,46,84,60,46,71,63,56,41,45,104],[91,58,25,84,62,28,80,56,38,64,65,45,35,39,100],[83,83,84,63,109,78,107,77,66,68,90,92,64,65,121],[93,61,62,109,46,61,91,69,56,81,73,62,55,59,102],[80,46,28,78,61,15,80,46,28,55,61,38,25,30,99],[114,84,80,107,91,80,77,111,90,99,97,82,82,87,109],[76,60,56,77,69,46,111,34,47,61,67,64,41,45,106],[66,46,38,66,56,28,90,47,13,44,60,46,21,22,107],[69,71,64,68,81,55,99,61,44,40,90,74,41,48,115],[96,63,65,90,73,61,97,67,60,90,50,84,59,57,108],[91,56,45,92,62,38,82,64,46,74,84,34,44,49,99],[68,41,35,64,55,25,82,41,21,41,59,44,10,25,109],[70,45,39,65,59,30,87,45,22,48,57,49,25,15,114],[118,104,100,121,102,99,109,106,107,115,108,99,109,114,99]]}}