{"dataset":{"both_all_both":[[1031,0,0,617,377,37,528,391,112,528,420,83,83,176,772],[0,526,0,231,226,69,395,112,19,43,277,206,11,71,444],[0,0,451,99,178,174,357,80,14,7,122,322,15,32,404],[617,231,99,947,0,0,546,315,86,459,363,125,94,192,661],[377,226,178,0,781,0,515,215,51,116,391,274,13,72,696],[37,69,174,0,0,280,219,53,8,3,65,212,2,15,263],[528,395,357,546,515,219,1280,0,0,265,522,493,41,145,1094],[391,112,80,315,215,53,0,583,0,242,238,103,57,105,421],[112,19,14,86,51,8,0,0,145,71,59,15,11,29,105],[528,43,7,459,116,3,265,242,71,578,0,0,79,119,380],[420,277,122,363,391,65,522,238,59,0,819,0,22,109,688],[83,206,322,125,274,212,493,103,15,0,0,611,8,51,552],[83,11,15,94,13,2,41,57,11,79,22,8,109,0,0],[176,71,32,192,72,15,145,105,29,119,109,51,0,279,0],[772,444,404,661,696,263,1094,421,105,380,688,552,0,0,1620]],"male_all_both":[[486,0,0,288,175,23,253,176,57,263,182,41,39,80,367],[0,246,0,99,114,33,194,45,7,22,116,108,5,32,209],[0,0,209,50,86,73,167,36,6,6,55,148,6,16,187],[288,99,50,437,0,0,261,134,42,228,148,61,44,86,307],[175,114,86,0,375,0,251,99,25,61,174,140,5,34,336],[23,33,73,0,0,129,102,24,3,2,31,96,1,8,120],[253,194,167,261,251,102,614,0,0,136,235,243,18,74,522],[176,45,36,134,99,24,0,257,0,116,94,47,25,44,188],[57,7,6,42,25,3,0,0,70,39,24,7,7,10,53],[263,22,6,228,61,2,136,116,39,291,0,0,37,60,194],[182,116,55,148,174,31,235,94,24,0,353,0,10,46,297],[41,108,148,61,140,96,243,47,7,0,0,297,3,22,272],[39,5,6,44,5,1,18,25,7,37,10,3,50,0,0],[80,32,16,86,34,8,74,44,10,60,46,22,0,128,0],[367,209,187,307,336,120,522,188,53,194,297,272,0,0,763]],"female_all_both":[[545,0,0,329,202,14,275,215,55,265,238,42,44,96,405],[0,280,0,132,112,36,201,67,12,21,161,98,6,39,235],[0,0,242,49,92,101,190,44,8,1,67,174,9,16,217],[329,132,49,510,0,0,285,181,44,231,215,64,50,106,354],[202,112,92,0,406,0,264,116,26,55,217,134,8,38,360],[14,36,101,0,0,151,117,29,5,1,34,116,1,7,143],[275,201,190,285,264,117,666,0,0,129,287,250,23,71,572],[215,67,44,181,116,29,0,326,0,126,144,56,32,61,233],[55,12,8,44,26,5,0,0,75,32,35,8,4,19,52],[265,21,1,231,55,1,129,126,32,287,0,0,42,59,186],[238,161,67,215,217,34,287,144,35,0,466,0,12,63,391],[42,98,174,64,134,116,250,56,8,0,0,314,5,29,280],[44,6,9,50,8,1,23,32,4,42,12,5,59,0,0],[96,39,16,106,38,7,71,61,19,59,63,29,0,151,0],[405,235,217,354,360,143,572,233,52,186,391,280,0,0,857]],"both_young_both":[[176,0,0,67,95,14,75,80,21,58,103,15,15,41,120],[0,108,0,48,52,8,59,43,6,9,57,42,4,21,83],[0,0,79,19,38,22,50,23,6,0,25,54,3,13,63],[67,48,19,134,0,0,70,54,10,48,59,27,15,42,77],[95,52,38,0,185,0,92,72,21,17,107,61,6,29,150],[14,8,22,0,0,44,22,20,2,2,19,23,1,4,39],[75,59,50,70,92,22,184,0,0,27,87,70,9,37,138],[80,43,23,54,72,20,0,146,0,33,75,38,11,29,106],[21,6,6,10,21,2,0,0,33,7,23,3,2,9,22],[58,9,0,48,17,2,27,33,7,67,0,0,13,22,32],[103,57,25,59,107,19,87,75,23,0,185,0,7,34,144],[15,42,54,27,61,23,70,38,3,0,0,111,2,19,90],[15,4,3,15,6,1,9,11,2,13,7,2,22,0,0],[41,21,13,42,29,4,37,29,9,22,34,19,0,75,0],[120,83,63,77,150,39,138,106,22,32,144,90,0,0,266]],"male_young_both":[[86,0,0,29,49,8,36,38,12,29,48,9,9,18,59],[0,42,0,14,23,5,25,15,2,4,16,22,0,9,33],[0,0,37,9,19,9,25,9,3,0,14,23,0,8,29],[29,14,9,52,0,0,28,20,4,21,19,12,7,16,29],[49,23,19,0,91,0,47,32,12,11,50,30,2,16,73],[8,5,9,0,0,22,11,10,1,1,9,12,0,3,19],[36,25,25,28,47,11,86,0,0,13,38,35,3,18,65],[38,15,9,20,32,10,0,62,0,16,28,18,5,13,44],[12,2,3,4,12,1,0,0,17,4,12,1,1,4,12],[29,4,0,21,11,1,13,16,4,33,0,0,8,12,13],[48,16,14,19,50,9,38,28,12,0,78,0,0,15,63],[9,22,23,12,30,12,35,18,1,0,0,54,1,8,45],[9,0,0,7,2,0,3,5,1,8,0,1,9,0,0],[18,9,8,16,16,3,18,13,4,12,15,8,0,35,0],[59,33,29,29,73,19,65,44,12,13,63,45,0,0,121]],"female_young_both":[[90,0,0,38,46,6,39,42,9,29,55,6,6,23,61],[0,66,0,34,29,3,34,28,4,5,41,20,4,12,50],[0,0,42,10,19,13,25,14,3,0,11,31,3,5,34],[38,34,10,82,0,0,42,34,6,27,40,15,8,26,48],[46,29,19,0,94,0,45,40,9,6,57,31,4,13,77],[6,3,13,0,0,22,11,10,1,1,10,11,1,1,20],[39,34,25,42,45,11,98,0,0,14,49,35,6,19,73],[42,28,14,34,40,10,0,84,0,17,47,20,6,16,62],[9,4,3,6,9,1,0,0,16,3,11,2,1,5,10],[29,5,0,27,6,1,14,17,3,34,0,0,5,10,19],[55,41,11,40,57,10,49,47,11,0,107,0,7,19,81],[6,20,31,15,31,11,35,20,2,0,0,57,1,11,45],[6,4,3,8,4,1,6,6,1,5,7,1,13,0,0],[23,12,5,26,13,1,19,16,5,10,19,11,0,40,0],[61,50,34,48,77,20,73,62,10,19,81,45,0,0,145]],"both_mature_both":[[347,0,0,189,147,11,173,138,36,174,142,31,19,50,278],[0,186,0,65,90,31,151,30,5,12,95,79,1,17,168],[0,0,145,35,53,57,111,31,3,3,37,105,7,8,130],[189,65,35,289,0,0,169,98,22,137,117,35,22,52,215],[147,90,53,0,290,0,191,80,19,51,140,99,5,19,266],[11,31,57,0,0,99,75,21,3,1,17,81,0,4,95],[173,151,111,169,191,75,435,0,0,82,178,175,9,37,389],[138,30,31,98,80,21,0,199,0,84,83,32,15,32,152],[36,5,3,22,19,3,0,0,44,23,13,8,3,6,35],[174,12,3,137,51,1,82,84,23,189,0,0,18,38,133],[142,95,37,117,140,17,178,83,13,0,274,0,6,25,243],[31,79,105,35,99,81,175,32,8,0,0,215,3,12,200],[19,1,7,22,5,0,9,15,3,18,6,3,27,0,0],[50,17,8,52,19,4,37,32,6,38,25,12,0,75,0],[278,168,130,215,266,95,389,152,35,133,243,200,0,0,576]],"male_mature_both":[[152,0,0,83,61,8,72,60,20,80,57,15,6,18,128],[0,100,0,35,51,14,81,17,2,4,47,49,1,7,92],[0,0,69,17,25,27,55,13,1,3,16,50,3,4,62],[83,35,17,135,0,0,81,41,13,63,51,21,8,20,107],[61,51,25,0,137,0,88,40,9,23,58,56,2,8,127],[8,14,27,0,0,49,39,9,1,1,11,37,0,1,48],[72,81,55,81,88,39,208,0,0,37,75,96,4,16,188],[60,17,13,41,40,9,0,90,0,36,40,14,4,12,74],[20,2,1,13,9,1,0,0,23,14,5,4,2,1,20],[80,4,3,63,23,1,37,36,14,87,0,0,6,18,63],[57,47,16,51,58,11,75,40,5,0,120,0,4,7,109],[15,49,50,21,56,37,96,14,4,0,0,114,0,4,110],[6,1,3,8,2,0,4,4,2,6,4,0,10,0,0],[18,7,4,20,8,1,16,12,1,18,7,4,0,29,0],[128,92,62,107,127,48,188,74,20,63,109,110,0,0,282]],"female_mature_both":[[195,0,0,106,86,3,101,78,16,94,85,16,13,32,150],[0,86,0,30,39,17,70,13,3,8,48,30,0,10,76],[0,0,76,18,28,30,56,18,2,0,21,55,4,4,68],[106,30,18,154,0,0,88,57,9,74,66,14,14,32,108],[86,39,28,0,153,0,103,40,10,28,82,43,3,11,139],[3,17,30,0,0,50,36,12,2,0,6,44,0,3,47],[101,70,56,88,103,36,227,0,0,45,103,79,5,21,201],[78,13,18,57,40,12,0,109,0,48,43,18,11,20,78],[16,3,2,9,10,2,0,0,21,9,8,4,1,5,15],[94,8,0,74,28,0,45,48,9,102,0,0,12,20,70],[85,48,21,66,82,6,103,43,8,0,154,0,2,18,134],[16,30,55,14,43,44,79,18,4,0,0,101,3,8,90],[13,0,4,14,3,0,5,11,1,12,2,3,17,0,0],[32,10,4,32,11,3,21,20,5,20,18,8,0,46,0],[150,76,68,108,139,47,201,78,15,70,134,90,0,0,294]],"both_older_both":[[376,0,0,265,103,8,210,131,35,218,136,22,36,63,277],[0,162,0,84,55,23,131,25,6,15,87,60,3,23,136],[0,0,171,34,62,75,151,16,4,2,43,126,5,7,159],[265,84,34,383,0,0,227,121,35,200,136,47,42,71,270],[103,55,62,0,220,0,170,43,7,35,107,78,1,18,201],[8,23,75,0,0,106,95,8,3,0,23,83,1,4,101],[210,131,151,227,170,95,492,0,0,113,195,184,18,48,426],[131,25,16,121,43,8,0,172,0,96,55,21,23,38,111],[35,6,4,35,7,3,0,0,45,26,16,3,3,7,35],[218,15,2,200,35,0,113,96,26,235,0,0,34,45,156],[136,87,43,136,107,23,195,55,16,0,266,0,7,32,227],[22,60,126,47,78,83,184,21,3,0,0,208,3,16,189],[36,3,5,42,1,1,18,23,3,34,7,3,44,0,0],[63,23,7,71,18,4,48,38,7,45,32,16,0,93,0],[277,136,159,270,201,101,426,111,35,156,227,189,0,0,572]],"male_older_both":[[182,0,0,126,52,4,104,60,18,113,58,11,19,33,130],[0,67,0,29,29,9,60,6,1,9,35,23,3,9,55],[0,0,72,17,26,29,64,7,1,2,18,52,3,1,68],[126,29,17,172,0,0,105,51,16,105,50,17,23,36,113],[52,29,26,0,107,0,86,18,3,19,52,36,1,6,100],[4,9,29,0,0,42,37,4,1,0,9,33,1,1,40],[104,60,64,105,86,37,228,0,0,61,90,77,11,22,195],[60,6,7,51,18,4,0,73,0,48,18,7,11,17,45],[18,1,1,16,3,1,0,0,20,15,3,2,3,4,13],[113,9,2,105,19,0,61,48,15,124,0,0,18,23,83],[58,35,18,50,52,9,90,18,3,0,111,0,5,14,92],[11,23,52,17,36,33,77,7,2,0,0,86,2,6,78],[19,3,3,23,1,1,11,11,3,18,5,2,25,0,0],[33,9,1,36,6,1,22,17,4,23,14,6,0,43,0],[130,55,68,113,100,40,195,45,13,83,92,78,0,0,253]],"female_older_both":[[194,0,0,139,51,4,106,71,17,105,78,11,17,30,147],[0,95,0,55,26,14,71,19,5,6,52,37,0,14,81],[0,0,99,17,36,46,87,9,3,0,25,74,2,6,91],[139,55,17,211,0,0,122,70,19,95,86,30,19,35,157],[51,26,36,0,113,0,84,25,4,16,55,42,0,12,101],[4,14,46,0,0,64,58,4,2,0,14,50,0,3,61],[106,71,87,122,84,58,264,0,0,52,105,107,7,26,231],[71,19,9,70,25,4,0,99,0,48,37,14,12,21,66],[17,5,3,19,4,2,0,0,25,11,13,1,0,3,22],[105,6,0,95,16,0,52,48,11,111,0,0,16,22,73],[78,52,25,86,55,14,105,37,13,0,155,0,2,18,135],[11,37,74,30,42,50,107,14,1,0,0,122,1,10,111],[17,0,2,19,0,0,7,12,0,16,2,1,19,0,0],[30,14,6,35,12,3,26,21,3,22,18,10,0,50,0],[147,81,91,157,101,61,231,66,22,73,135,111,0,0,319]],"both_elderly_both":[[132,0,0,96,32,4,70,42,20,78,39,15,13,22,97],[0,70,0,34,29,7,54,14,2,7,38,25,3,10,57],[0,0,56,11,25,20,45,10,1,2,17,37,0,4,52],[96,34,11,141,0,0,80,42,19,74,51,16,15,27,99],[32,29,25,0,86,0,62,20,4,13,37,36,1,6,79],[4,7,20,0,0,31,27,4,0,0,6,25,0,3,28],[70,54,45,80,62,27,169,0,0,43,62,64,5,23,141],[42,14,10,42,20,4,0,66,0,29,25,12,8,6,52],[20,2,1,19,4,0,0,0,23,15,7,1,3,7,13],[78,7,2,74,13,0,43,29,15,87,0,0,14,14,59],[39,38,17,51,37,6,62,25,7,0,94,0,2,18,74],[15,25,37,16,36,25,64,12,1,0,0,77,0,4,73],[13,3,0,15,1,0,5,8,3,14,2,0,16,0,0],[22,10,4,27,6,3,23,6,7,14,18,4,0,36,0],[97,57,52,99,79,28,141,52,13,59,74,73,0,0,206]],"male_elderly_both":[[66,0,0,50,13,3,41,18,7,41,19,6,5,11,50],[0,37,0,21,11,5,28,7,2,5,18,14,1,7,29],[0,0,31,7,16,8,23,7,1,1,7,23,0,3,28],[50,21,7,78,0,0,47,22,9,39,28,11,6,14,58],[13,11,16,0,40,0,30,9,1,8,14,18,0,4,36],[3,5,8,0,0,16,15,1,0,0,2,14,0,3,13],[41,28,23,47,30,15,92,0,0,25,32,35,0,18,74],[18,7,7,22,9,1,0,32,0,16,8,8,5,2,25],[7,2,1,9,1,0,0,0,10,6,4,0,1,1,8],[41,5,1,39,8,0,25,16,6,47,0,0,5,7,35],[19,18,7,28,14,2,32,8,4,0,44,0,1,10,33],[6,14,23,11,18,14,35,8,0,0,0,43,0,4,39],[5,1,0,6,0,0,0,5,1,5,1,0,6,0,0],[11,7,3,14,4,3,18,2,1,7,10,4,0,21,0],[50,29,28,58,36,13,74,25,8,35,33,39,0,0,107]],"female_elderly_both":[[66,0,0,46,19,1,29,24,13,37,20,9,8,11,47],[0,33,0,13,18,2,26,7,0,2,20,11,2,3,28],[0,0,25,4,9,12,22,3,0,1,10,14,0,1,24],[46,13,4,63,0,0,33,20,10,35,23,5,9,13,41],[19,18,9,0,46,0,32,11,3,5,23,18,1,2,43],[1,2,12,0,0,15,12,3,0,0,4,11,0,0,15],[29,26,22,33,32,12,77,0,0,18,30,29,5,5,67],[24,7,3,20,11,3,0,34,0,13,17,4,3,4,27],[13,0,0,10,3,0,0,0,13,9,3,1,2,6,5],[37,2,1,35,5,0,18,13,9,40,0,0,9,7,24],[20,20,10,23,23,4,30,17,3,0,50,0,1,8,41],[9,11,14,5,18,11,29,4,1,0,0,34,0,0,34],[8,2,0,9,1,0,5,3,2,9,1,0,10,0,0],[11,3,1,13,2,0,5,4,6,7,8,0,0,15,0],[47,28,24,41,43,15,67,27,5,24,41,34,0,0,99]],"both_all_londoner":[[165,0,0,94,62,9,81,65,19,83,68,14,19,32,114],[0,71,0,21,38,12,51,19,1,3,34,34,3,10,58],[0,0,47,9,16,22,35,9,3,0,12,35,3,1,43],[94,21,9,124,0,0,68,45,11,74,32,18,22,26,76],[62,38,16,0,116,0,68,37,11,12,68,36,3,15,98],[9,12,22,0,0,43,31,11,1,0,14,29,0,2,41],[81,51,35,68,68,31,167,0,0,45,63,59,11,23,133],[65,19,9,45,37,11,0,93,0,30,41,22,13,16,64],[19,1,3,11,11,1,0,0,23,11,10,2,1,4,18],[83,3,0,74,12,0,45,30,11,86,0,0,16,19,51],[68,34,12,32,68,14,63,41,10,0,114,0,6,19,89],[14,34,35,18,36,29,59,22,2,0,0,83,3,5,75],[19,3,3,22,3,0,11,13,1,16,6,3,25,0,0],[32,10,1,26,15,2,23,16,4,19,19,5,0,43,0],[114,58,43,76,98,41,133,64,18,51,89,75,0,0,215]],"male_all_londoner":[[78,0,0,39,34,5,38,32,8,37,34,7,11,14,53],[0,38,0,8,24,6,28,10,0,0,20,18,0,3,35],[0,0,23,5,9,9,17,4,2,0,7,16,1,1,21],[39,8,5,52,0,0,30,19,3,31,12,9,11,10,31],[34,24,9,0,67,0,40,20,7,6,41,20,1,7,59],[5,6,9,0,0,20,13,7,0,0,8,12,0,1,19],[38,28,17,30,40,13,83,0,0,18,36,29,4,8,71],[32,10,4,19,20,7,0,46,0,14,21,11,7,8,31],[8,0,2,3,7,0,0,0,10,5,4,1,1,2,7],[37,0,0,31,6,0,18,14,5,37,0,0,9,8,20],[34,20,7,12,41,8,36,21,4,0,61,0,2,8,51],[7,18,16,9,20,12,29,11,1,0,0,41,1,2,38],[11,0,1,11,1,0,4,7,1,9,2,1,12,0,0],[14,3,1,10,7,1,8,8,2,8,8,2,0,18,0],[53,35,21,31,59,19,71,31,7,20,51,38,0,0,109]],"female_all_londoner":[[87,0,0,55,28,4,43,33,11,46,34,7,8,18,61],[0,33,0,13,14,6,23,9,1,3,14,16,3,7,23],[0,0,24,4,7,13,18,5,1,0,5,19,2,0,22],[55,13,4,72,0,0,38,26,8,43,20,9,11,16,45],[28,14,7,0,49,0,28,17,4,6,27,16,2,8,39],[4,6,13,0,0,23,18,4,1,0,6,17,0,1,22],[43,23,18,38,28,18,84,0,0,27,27,30,7,15,62],[33,9,5,26,17,4,0,47,0,16,20,11,6,8,33],[11,1,1,8,4,1,0,0,13,6,6,1,0,2,11],[46,3,0,43,6,0,27,16,6,49,0,0,7,11,31],[34,14,5,20,27,6,27,20,6,0,53,0,4,11,38],[7,16,19,9,16,17,30,11,1,0,0,42,2,3,37],[8,3,2,11,2,0,7,6,0,7,4,2,13,0,0],[18,7,0,16,8,1,15,8,2,11,11,3,0,25,0],[61,23,22,45,39,22,62,33,11,31,38,37,0,0,106]],"both_young_londoner":[[36,0,0,11,21,4,13,18,5,11,20,5,3,6,27],[0,24,0,9,12,3,13,10,1,0,14,10,2,1,21],[0,0,15,3,7,5,9,3,3,0,4,11,0,1,14],[11,9,3,23,0,0,11,10,2,8,9,6,3,4,16],[21,12,7,0,40,0,18,15,7,3,23,14,2,4,34],[4,3,5,0,0,12,6,6,0,0,6,6,0,0,12],[13,13,9,11,18,6,35,0,0,6,16,13,2,6,27],[18,10,3,10,15,6,0,31,0,3,16,12,3,0,28],[5,1,3,2,7,0,0,0,9,2,6,1,0,2,7],[11,0,0,8,3,0,6,3,2,11,0,0,2,4,5],[20,14,4,9,23,6,16,16,6,0,38,0,2,3,33],[5,10,11,6,14,6,13,12,1,0,0,26,1,1,24],[3,2,0,3,2,0,2,3,0,2,2,1,5,0,0],[6,1,1,4,4,0,6,0,2,4,3,1,0,8,0],[27,21,14,16,34,12,27,28,7,5,33,24,0,0,62]],"male_young_londoner":[[21,0,0,6,13,2,7,11,3,6,11,4,3,3,15],[0,10,0,3,5,2,5,5,0,0,6,4,0,0,10],[0,0,8,1,4,3,4,2,2,0,2,6,0,1,7],[6,3,1,10,0,0,4,6,0,4,3,3,2,1,7],[13,5,4,0,22,0,9,8,5,2,13,7,1,3,18],[2,2,3,0,0,7,3,4,0,0,3,4,0,0,7],[7,5,4,4,9,3,16,0,0,2,8,6,0,3,13],[11,5,2,6,8,4,0,18,0,3,8,7,3,0,15],[3,0,2,0,5,0,0,0,5,1,3,1,0,1,4],[6,0,0,4,2,0,2,3,1,6,0,0,2,1,3],[11,6,2,3,13,3,8,8,3,0,19,0,0,2,17],[4,4,6,3,7,4,6,7,1,0,0,14,1,1,12],[3,0,0,2,1,0,0,3,0,2,0,1,3,0,0],[3,0,1,1,3,0,3,0,1,1,2,1,0,4,0],[15,10,7,7,18,7,13,15,4,3,17,12,0,0,32]],"female_young_londoner":[[15,0,0,5,8,2,6,7,2,5,9,1,0,3,12],[0,14,0,6,7,1,8,5,1,0,8,6,2,1,11],[0,0,7,2,3,2,5,1,1,0,2,5,0,0,7],[5,6,2,13,0,0,7,4,2,4,6,3,1,3,9],[8,7,3,0,18,0,9,7,2,1,10,7,1,1,16],[2,1,2,0,0,5,3,2,0,0,3,2,0,0,5],[6,8,5,7,9,3,19,0,0,4,8,7,2,3,14],[7,5,1,4,7,2,0,13,0,0,8,5,0,0,13],[2,1,1,2,2,0,0,0,4,1,3,0,0,1,3],[5,0,0,4,1,0,4,0,1,5,0,0,0,3,2],[9,8,2,6,10,3,8,8,3,0,19,0,2,1,16],[1,6,5,3,7,2,7,5,0,0,0,12,0,0,12],[0,2,0,1,1,0,2,0,0,0,2,0,2,0,0],[3,1,0,3,1,0,3,0,1,3,1,0,0,4,0],[12,11,7,9,16,5,14,13,3,2,16,12,0,0,30]],"both_mature_londoner":[[60,0,0,33,25,2,29,25,6,30,26,4,6,14,40],[0,23,0,3,15,5,19,4,0,1,6,16,0,4,19],[0,0,11,3,3,5,7,4,0,0,3,8,2,0,9],[33,3,3,39,0,0,23,13,3,24,10,5,7,9,23],[25,15,3,0,43,0,24,16,3,7,23,13,1,8,34],[2,5,5,0,0,12,8,4,0,0,2,10,0,1,11],[29,19,7,23,24,8,55,0,0,15,18,22,4,9,42],[25,4,4,13,16,4,0,33,0,12,15,6,3,9,21],[6,0,0,3,3,0,0,0,6,4,2,0,1,0,5],[30,1,0,24,7,0,15,12,4,31,0,0,5,7,19],[26,6,3,10,23,2,18,15,2,0,35,0,2,9,24],[4,16,8,5,13,10,22,6,0,0,0,28,1,2,25],[6,0,2,7,1,0,4,3,1,5,2,1,8,0,0],[14,4,0,9,8,1,9,9,0,7,9,2,0,18,0],[40,19,9,23,34,11,42,21,5,19,24,25,0,0,68]],"male_mature_londoner":[[25,0,0,12,11,2,10,11,4,13,10,2,2,5,18],[0,16,0,3,11,2,12,4,0,0,4,12,0,2,14],[0,0,6,2,2,2,4,2,0,0,2,4,1,0,5],[12,3,2,17,0,0,10,5,2,10,3,4,3,3,11],[11,11,2,0,24,0,13,9,2,3,11,10,0,3,21],[2,2,2,0,0,6,3,3,0,0,2,4,0,1,5],[10,12,4,10,13,3,26,0,0,5,7,14,1,3,22],[11,4,2,5,9,3,0,17,0,5,8,4,1,4,12],[4,0,0,2,2,0,0,0,4,3,1,0,1,0,3],[13,0,0,10,3,0,5,5,3,13,0,0,2,3,8],[10,4,2,3,11,2,7,8,1,0,16,0,1,3,12],[2,12,4,4,10,4,14,4,0,0,0,18,0,1,17],[2,0,1,3,0,0,1,1,1,2,1,0,3,0,0],[5,2,0,3,3,1,3,4,0,3,3,1,0,7,0],[18,14,5,11,21,5,22,12,3,8,12,17,0,0,37]],"female_mature_londoner":[[35,0,0,21,14,0,19,14,2,17,16,2,4,9,22],[0,7,0,0,4,3,7,0,0,1,2,4,0,2,5],[0,0,5,1,1,3,3,2,0,0,1,4,1,0,4],[21,0,1,22,0,0,13,8,1,14,7,1,4,6,12],[14,4,1,0,19,0,11,7,1,4,12,3,1,5,13],[0,3,3,0,0,6,5,1,0,0,0,6,0,0,6],[19,7,3,13,11,5,29,0,0,10,11,8,3,6,20],[14,0,2,8,7,1,0,16,0,7,7,2,2,5,9],[2,0,0,1,1,0,0,0,2,1,1,0,0,0,2],[17,1,0,14,4,0,10,7,1,18,0,0,3,4,11],[16,2,1,7,12,0,11,7,1,0,19,0,1,6,12],[2,4,4,1,3,6,8,2,0,0,0,10,1,1,8],[4,0,1,4,1,0,3,2,0,3,1,1,5,0,0],[9,2,0,6,5,0,6,5,0,4,6,1,0,11,0],[22,5,4,12,13,6,20,9,2,11,12,8,0,0,31]],"both_older_londoner":[[59,0,0,43,13,3,35,16,8,37,19,3,8,11,40],[0,18,0,7,8,3,15,3,0,1,11,6,0,4,14],[0,0,18,3,6,9,16,2,0,0,4,14,1,0,17],[43,7,3,53,0,0,30,17,6,37,10,6,9,12,32],[13,8,6,0,27,0,23,3,1,1,19,7,0,2,25],[3,3,9,0,0,15,13,1,1,0,5,10,0,1,14],[35,15,16,30,23,13,66,0,0,23,25,18,5,7,54],[16,3,2,17,3,1,0,21,0,10,7,4,4,6,11],[8,0,0,6,1,1,0,0,8,5,2,1,0,2,6],[37,1,0,37,1,0,23,10,5,38,0,0,6,8,24],[19,11,4,10,19,5,25,7,2,0,34,0,2,5,27],[3,6,14,6,7,10,18,4,1,0,0,23,1,2,20],[8,0,1,9,0,0,5,4,0,6,2,1,9,0,0],[11,4,0,12,2,1,7,6,2,8,5,2,0,15,0],[40,14,17,32,25,14,54,11,6,24,27,20,0,0,71]],"male_older_londoner":[[26,0,0,17,8,1,19,6,1,15,11,0,4,5,17],[0,9,0,1,6,2,9,0,0,0,7,2,0,0,9],[0,0,8,2,3,3,8,0,0,0,3,5,0,0,8],[17,1,2,20,0,0,14,5,1,15,3,2,4,5,11],[8,6,3,0,17,0,16,1,0,0,15,2,0,0,17],[1,2,3,0,0,6,6,0,0,0,3,3,0,0,6],[19,9,8,14,16,6,36,0,0,11,18,7,3,1,32],[6,0,0,5,1,0,0,6,0,3,3,0,1,3,2],[1,0,0,1,0,0,0,0,1,1,0,0,0,1,0],[15,0,0,15,0,0,11,3,1,15,0,0,3,4,8],[11,7,3,3,15,3,18,3,0,0,21,0,1,1,19],[0,2,5,2,2,3,7,0,0,0,0,7,0,0,7],[4,0,0,4,0,0,3,1,0,3,1,0,4,0,0],[5,0,0,5,0,0,1,3,1,4,1,0,0,5,0],[17,9,8,11,17,6,32,2,0,8,19,7,0,0,34]],"female_older_londoner":[[33,0,0,26,5,2,16,10,7,22,8,3,4,6,23],[0,9,0,6,2,1,6,3,0,1,4,4,0,4,5],[0,0,10,1,3,6,8,2,0,0,1,9,1,0,9],[26,6,1,33,0,0,16,12,5,22,7,4,5,7,21],[5,2,3,0,10,0,7,2,1,1,4,5,0,2,8],[2,1,6,0,0,9,7,1,1,0,2,7,0,1,8],[16,6,8,16,7,7,30,0,0,12,7,11,2,6,22],[10,3,2,12,2,1,0,15,0,7,4,4,3,3,9],[7,0,0,5,1,1,0,0,7,4,2,1,0,1,6],[22,1,0,22,1,0,12,7,4,23,0,0,3,4,16],[8,4,1,7,4,2,7,4,2,0,13,0,1,4,8],[3,4,9,4,5,7,11,4,1,0,0,16,1,2,13],[4,0,1,5,0,0,2,3,0,3,1,1,5,0,0],[6,4,0,7,2,1,6,3,1,4,4,2,0,10,0],[23,5,9,21,8,8,22,9,6,16,8,13,0,0,37]],"both_elderly_londoner":[[10,0,0,7,3,0,4,6,0,5,3,2,2,1,7],[0,6,0,2,3,1,4,2,0,1,3,2,1,1,4],[0,0,3,0,0,3,3,0,0,0,1,2,0,0,3],[7,2,0,9,0,0,4,5,0,5,3,1,3,1,5],[3,3,0,0,6,0,3,3,0,1,3,2,0,1,5],[0,1,3,0,0,4,4,0,0,0,1,3,0,0,4],[4,4,3,4,3,4,11,0,0,1,4,6,0,1,10],[6,2,0,5,3,0,0,8,0,5,3,0,3,1,4],[0,0,0,0,0,0,0,0,0,0,0,0,0,0,0],[5,1,0,5,1,0,1,5,0,6,0,0,3,0,3],[3,3,1,3,3,1,4,3,0,0,7,0,0,2,5],[2,2,2,1,2,3,6,0,0,0,0,6,0,0,6],[2,1,0,3,0,0,0,3,0,3,0,0,3,0,0],[1,1,0,1,1,0,1,1,0,0,2,0,0,2,0],[7,4,3,5,5,4,10,4,0,3,5,6,0,0,14]],"male_elderly_londoner":[[6,0,0,4,2,0,2,4,0,3,2,1,2,1,3],[0,3,0,1,2,0,2,1,0,0,3,0,0,1,2],[0,0,1,0,0,1,1,0,0,0,0,1,0,0,1],[4,1,0,5,0,0,2,3,0,2,3,0,2,1,2],[2,2,0,0,4,0,2,2,0,1,2,1,0,1,3],[0,0,1,0,0,1,1,0,0,0,0,1,0,0,1],[2,2,1,2,2,1,5,0,0,0,3,2,0,1,4],[4,1,0,3,2,0,0,5,0,3,2,0,2,1,2],[0,0,0,0,0,0,0,0,0,0,0,0,0,0,0],[3,0,0,2,1,0,0,3,0,3,0,0,2,0,1],[2,3,0,3,2,0,3,2,0,0,5,0,0,2,3],[1,0,1,0,1,1,2,0,0,0,0,2,0,0,2],[2,0,0,2,0,0,0,2,0,2,0,0,2,0,0],[1,1,0,1,1,0,1,1,0,0,2,0,0,2,0],[3,2,1,2,3,1,4,2,0,1,3,2,0,0,6]],"female_elderly_londoner":[[4,0,0,3,1,0,2,2,0,2,1,1,0,0,4],[0,3,0,1,1,1,2,1,0,1,0,2,1,0,2],[0,0,2,0,0,2,2,0,0,0,1,1,0,0,2],[3,1,0,4,0,0,2,2,0,3,0,1,1,0,3],[1,1,0,0,2,0,1,1,0,0,1,1,0,0,2],[0,1,2,0,0,3,3,0,0,0,1,2,0,0,3],[2,2,2,2,1,3,6,0,0,1,1,4,0,0,6],[2,1,0,2,1,0,0,3,0,2,1,0,1,0,2],[0,0,0,0,0,0,0,0,0,0,0,0,0,0,0],[2,1,0,3,0,0,1,2,0,3,0,0,1,0,2],[1,0,1,0,1,1,1,1,0,0,2,0,0,0,2],[1,2,1,1,1,2,4,0,0,0,0,4,0,0,4],[0,1,0,1,0,0,0,1,0,1,0,0,1,0,0],[0,0,0,0,0,0,0,0,0,0,0,0,0,0,0],[4,2,2,3,2,3,6,2,0,2,2,4,0,0,8]],"both_all_elsewhere":[[866,0,0,523,315,28,447,326,93,445,352,69,64,144,658],[0,455,0,210,188,57,344,93,18,40,243,172,8,61,386],[0,0,404,90,162,152,322,71,11,7,110,287,12,31,361],[523,210,90,823,0,0,478,270,75,385,331,107,72,166,585],[315,188,162,0,665,0,447,178,40,104,323,238,10,57,598],[28,57,152,0,0,237,188,42,7,3,51,183,2,13,222],[447,344,322,478,447,188,1113,0,0,220,459,434,30,122,961],[326,93,71,270,178,42,0,490,0,212,197,81,44,89,357],[93,18,11,75,40,7,0,0,122,60,49,13,10,25,87],[445,40,7,385,104,3,220,212,60,492,0,0,63,100,329],[352,243,110,331,323,51,459,197,49,0,705,0,16,90,599],[69,172,287,107,238,183,434,81,13,0,0,528,5,46,477],[64,8,12,72,10,2,30,44,10,63,16,5,84,0,0],[144,61,31,166,57,13,122,89,25,100,90,46,0,236,0],[658,386,361,585,598,222,961,357,87,329,599,477,0,0,1405]],"male_all_elsewhere":[[408,0,0,249,141,18,215,144,49,226,148,34,28,66,314],[0,208,0,91,90,27,166,35,7,22,96,90,5,29,174],[0,0,186,45,77,64,150,32,4,6,48,132,5,15,166],[249,91,45,385,0,0,231,115,39,197,136,52,33,76,276],[141,90,77,0,308,0,211,79,18,55,133,120,4,27,277],[18,27,64,0,0,109,89,17,3,2,23,84,1,7,101],[215,166,150,231,211,89,531,0,0,118,199,214,14,66,451],[144,35,32,115,79,17,0,211,0,102,73,36,18,36,157],[49,7,4,39,18,3,0,0,60,34,20,6,6,8,46],[226,22,6,197,55,2,118,102,34,254,0,0,28,52,174],[148,96,48,136,133,23,199,73,20,0,292,0,8,38,246],[34,90,132,52,120,84,214,36,6,0,0,256,2,20,234],[28,5,5,33,4,1,14,18,6,28,8,2,38,0,0],[66,29,15,76,27,7,66,36,8,52,38,20,0,110,0],[314,174,166,276,277,101,451,157,46,174,246,234,0,0,654]],"female_all_elsewhere":[[458,0,0,274,174,10,232,182,44,219,204,35,36,78,344],[0,247,0,119,98,30,178,58,11,18,147,82,3,32,212],[0,0,218,45,85,88,172,39,7,1,62,155,7,16,195],[274,119,45,438,0,0,247,155,36,188,195,55,39,90,309],[174,98,85,0,357,0,236,99,22,49,190,118,6,30,321],[10,30,88,0,0,128,99,25,4,1,28,99,1,6,121],[232,178,172,247,236,99,582,0,0,102,260,220,16,56,510],[182,58,39,155,99,25,0,279,0,110,124,45,26,53,200],[44,11,7,36,22,4,0,0,62,26,29,7,4,17,41],[219,18,1,188,49,1,102,110,26,238,0,0,35,48,155],[204,147,62,195,190,28,260,124,29,0,413,0,8,52,353],[35,82,155,55,118,99,220,45,7,0,0,272,3,26,243],[36,3,7,39,6,1,16,26,4,35,8,3,46,0,0],[78,32,16,90,30,6,56,53,17,48,52,26,0,126,0],[344,212,195,309,321,121,510,200,41,155,353,243,0,0,751]],"both_young_elsewhere":[[140,0,0,56,74,10,62,62,16,47,83,10,12,35,93],[0,84,0,39,40,5,46,33,5,9,43,32,2,20,62],[0,0,64,16,31,17,41,20,3,0,21,43,3,12,49],[56,39,16,111,0,0,59,44,8,40,50,21,12,38,61],[74,40,31,0,145,0,74,57,14,14,84,47,4,25,116],[10,5,17,0,0,32,16,14,2,2,13,17,1,4,27],[62,46,41,59,74,16,149,0,0,21,71,57,7,31,111],[62,33,20,44,57,14,0,115,0,30,59,26,8,29,78],[16,5,3,8,14,2,0,0,24,5,17,2,2,7,15],[47,9,0,40,14,2,21,30,5,56,0,0,11,18,27],[83,43,21,50,84,13,71,59,17,0,147,0,5,31,111],[10,32,43,21,47,17,57,26,2,0,0,85,1,18,66],[12,2,3,12,4,1,7,8,2,11,5,1,17,0,0],[35,20,12,38,25,4,31,29,7,18,31,18,0,67,0],[93,62,49,61,116,27,111,78,15,27,111,66,0,0,204]],"male_young_elsewhere":[[65,0,0,23,36,6,29,27,9,23,37,5,6,15,44],[0,32,0,11,18,3,20,10,2,4,10,18,0,9,23],[0,0,29,8,15,6,21,7,1,0,12,17,0,7,22],[23,11,8,42,0,0,24,14,4,17,16,9,5,15,22],[36,18,15,0,69,0,38,24,7,9,37,23,1,13,55],[6,3,6,0,0,15,8,6,1,1,6,8,0,3,12],[29,20,21,24,38,8,70,0,0,11,30,29,3,15,52],[27,10,7,14,24,6,0,44,0,13,20,11,2,13,29],[9,2,1,4,7,1,0,0,12,3,9,0,1,3,8],[23,4,0,17,9,1,11,13,3,27,0,0,6,11,10],[37,10,12,16,37,6,30,20,9,0,59,0,0,13,46],[5,18,17,9,23,8,29,11,0,0,0,40,0,7,33],[6,0,0,5,1,0,3,2,1,6,0,0,6,0,0],[15,9,7,15,13,3,15,13,3,11,13,7,0,31,0],[44,23,22,22,55,12,52,29,8,10,46,33,0,0,89]],"female_young_elsewhere":[[75,0,0,33,38,4,33,35,7,24,46,5,6,20,49],[0,52,0,28,22,2,26,23,3,5,33,14,2,11,39],[0,0,35,8,16,11,20,13,2,0,9,26,3,5,27],[33,28,8,69,0,0,35,30,4,23,34,12,7,23,39],[38,22,16,0,76,0,36,33,7,5,47,24,3,12,61],[4,2,11,0,0,17,8,8,1,1,7,9,1,1,15],[33,26,20,35,36,8,79,0,0,10,41,28,4,16,59],[35,23,13,30,33,8,0,71,0,17,39,15,6,16,49],[7,3,2,4,7,1,0,0,12,2,8,2,1,4,7],[24,5,0,23,5,1,10,17,2,29,0,0,5,7,17],[46,33,9,34,47,7,41,39,8,0,88,0,5,18,65],[5,14,26,12,24,9,28,15,2,0,0,45,1,11,33],[6,2,3,7,3,1,4,6,1,5,5,1,11,0,0],[20,11,5,23,12,1,16,16,4,7,18,11,0,36,0],[49,39,27,39,61,15,59,49,7,17,65,33,0,0,115]],"both_mature_elsewhere":[[287,0,0,156,122,9,144,113,30,144,116,27,13,36,238],[0,163,0,62,75,26,132,26,5,11,89,63,1,13,149],[0,0,134,32,50,52,104,27,3,3,34,97,5,8,121],[156,62,32,250,0,0,146,85,19,113,107,30,15,43,192],[122,75,50,0,247,0,167,64,16,44,117,86,4,11,232],[9,26,52,0,0,87,67,17,3,1,15,71,0,3,84],[144,132,104,146,167,67,380,0,0,67,160,153,5,28,347],[113,26,27,85,64,17,0,166,0,72,68,26,12,23,131],[30,5,3,19,16,3,0,0,38,19,11,8,2,6,30],[144,11,3,113,44,1,67,72,19,158,0,0,13,31,114],[116,89,34,107,117,15,160,68,11,0,239,0,4,16,219],[27,63,97,30,86,71,153,26,8,0,0,187,2,10,175],[13,1,5,15,4,0,5,12,2,13,4,2,19,0,0],[36,13,8,43,11,3,28,23,6,31,16,10,0,57,0],[238,149,121,192,232,84,347,131,30,114,219,175,0,0,508]],"male_mature_elsewhere":[[127,0,0,71,50,6,62,49,16,67,47,13,4,13,110],[0,84,0,32,40,12,69,13,2,4,43,37,1,5,78],[0,0,63,15,23,25,51,11,1,3,14,46,2,4,57],[71,32,15,118,0,0,71,36,11,53,48,17,5,17,96],[50,40,23,0,113,0,75,31,7,20,47,46,2,5,106],[6,12,25,0,0,43,36,6,1,1,9,33,0,0,43],[62,69,51,71,75,36,182,0,0,32,68,82,3,13,166],[49,13,11,36,31,6,0,73,0,31,32,10,3,8,62],[16,2,1,11,7,1,0,0,19,11,4,4,1,1,17],[67,4,3,53,20,1,32,31,11,74,0,0,4,15,55],[47,43,14,48,47,9,68,32,4,0,104,0,3,4,97],[13,37,46,17,46,33,82,10,4,0,0,96,0,3,93],[4,1,2,5,2,0,3,3,1,4,3,0,7,0,0],[13,5,4,17,5,0,13,8,1,15,4,3,0,22,0],[110,78,57,96,106,43,166,62,17,55,97,93,0,0,245]],"female_mature_elsewhere":[[160,0,0,85,72,3,82,64,14,77,69,14,9,23,128],[0,79,0,30,35,14,63,13,3,7,46,26,0,8,71],[0,0,71,17,27,27,53,16,2,0,20,51,3,4,64],[85,30,17,132,0,0,75,49,8,60,59,13,10,26,96],[72,35,27,0,134,0,92,33,9,24,70,40,2,6,126],[3,14,27,0,0,44,31,11,2,0,6,38,0,3,41],[82,63,53,75,92,31,198,0,0,35,92,71,2,15,181],[64,13,16,49,33,11,0,93,0,41,36,16,9,15,69],[14,3,2,8,9,2,0,0,19,8,7,4,1,5,13],[77,7,0,60,24,0,35,41,8,84,0,0,9,16,59],[69,46,20,59,70,6,92,36,7,0,135,0,1,12,122],[14,26,51,13,40,38,71,16,4,0,0,91,2,7,82],[9,0,3,10,2,0,2,9,1,9,1,2,12,0,0],[23,8,4,26,6,3,15,15,5,16,12,7,0,35,0],[128,71,64,96,126,41,181,69,13,59,122,82,0,0,263]],"both_older_elsewhere":[[317,0,0,222,90,5,175,115,27,181,117,19,28,52,237],[0,144,0,77,47,20,116,22,6,14,76,54,3,19,122],[0,0,153,31,56,66,135,14,4,2,39,112,4,7,142],[222,77,31,330,0,0,197,104,29,163,126,41,33,59,238],[90,47,56,0,193,0,147,40,6,34,88,71,1,16,176],[5,20,66,0,0,91,82,7,2,0,18,73,1,3,87],[175,116,135,197,147,82,426,0,0,90,170,166,13,41,372],[115,22,14,104,40,7,0,151,0,86,48,17,19,32,100],[27,6,4,29,6,2,0,0,37,21,14,2,3,5,29],[181,14,2,163,34,0,90,86,21,197,0,0,28,37,132],[117,76,39,126,88,18,170,48,14,0,232,0,5,27,200],[19,54,112,41,71,73,166,17,2,0,0,185,2,14,169],[28,3,4,33,1,1,13,19,3,28,5,2,35,0,0],[52,19,7,59,16,3,41,32,5,37,27,14,0,78,0],[237,122,142,238,176,87,372,100,29,132,200,169,0,0,501]],"male_older_elsewhere":[[156,0,0,109,44,3,85,54,17,98,47,11,15,28,113],[0,58,0,28,23,7,51,6,1,9,28,21,3,9,46],[0,0,64,15,23,26,56,7,1,2,15,47,3,1,60],[109,28,15,152,0,0,91,46,15,90,47,15,19,31,102],[44,23,23,0,90,0,70,17,3,19,37,34,1,6,83],[3,7,26,0,0,36,31,4,1,0,6,30,1,1,34],[85,51,56,91,70,31,192,0,0,50,72,70,8,21,163],[54,6,7,46,17,4,0,67,0,45,15,7,10,14,43],[17,1,1,15,3,1,0,0,19,14,3,2,3,3,13],[98,9,2,90,19,0,50,45,14,109,0,0,15,19,75],[47,28,15,47,37,6,72,15,3,0,90,0,4,13,73],[11,21,47,15,34,30,70,7,2,0,0,79,2,6,71],[15,3,3,19,1,1,8,10,3,15,4,2,21,0,0],[28,9,1,31,6,1,21,14,3,19,13,6,0,38,0],[113,46,60,102,83,34,163,43,13,75,73,71,0,0,219]],"female_older_elsewhere":[[161,0,0,113,46,2,90,61,10,83,70,8,13,24,124],[0,86,0,49,24,13,65,16,5,5,48,33,0,10,76],[0,0,89,16,33,40,79,7,3,0,24,65,1,6,82],[113,49,16,178,0,0,106,58,14,73,79,26,14,28,136],[46,24,33,0,103,0,77,23,3,15,51,37,0,10,93],[2,13,40,0,0,55,51,3,1,0,12,43,0,2,53],[90,65,79,106,77,51,234,0,0,40,98,96,5,20,209],[61,16,7,58,23,3,0,84,0,41,33,10,9,18,57],[10,5,3,14,3,1,0,0,18,7,11,0,0,2,16],[83,5,0,73,15,0,40,41,7,88,0,0,13,18,57],[70,48,24,79,51,12,98,33,11,0,142,0,1,14,127],[8,33,65,26,37,43,96,10,0,0,0,106,0,8,98],[13,0,1,14,0,0,5,9,0,13,1,0,14,0,0],[24,10,6,28,10,2,20,18,2,18,14,8,0,40,0],[124,76,82,136,93,53,209,57,16,57,127,98,0,0,282]],"both_elderly_elsewhere":[[122,0,0,89,29,4,66,36,20,73,36,13,11,21,90],[0,64,0,32,26,6,50,12,2,6,35,23,2,9,53],[0,0,53,11,25,17,42,10,1,2,16,35,0,4,49],[89,32,11,132,0,0,76,37,19,69,48,15,12,26,94],[29,26,25,0,80,0,59,17,4,12,34,34,1,5,74],[4,6,17,0,0,27,23,4,0,0,5,22,0,3,24],[66,50,42,76,59,23,158,0,0,42,58,58,5,22,131],[36,12,10,37,17,4,0,58,0,24,22,12,5,5,48],[20,2,1,19,4,0,0,0,23,15,7,1,3,7,13],[73,6,2,69,12,0,42,24,15,81,0,0,11,14,56],[36,35,16,48,34,5,58,22,7,0,87,0,2,16,69],[13,23,35,15,34,22,58,12,1,0,0,71,0,4,67],[11,2,0,12,1,0,5,5,3,11,2,0,13,0,0],[21,9,4,26,5,3,22,5,7,14,16,4,0,34,0],[90,53,49,94,74,24,131,48,13,56,69,67,0,0,192]],"male_elderly_elsewhere":[[60,0,0,46,11,3,39,14,7,38,17,5,3,10,47],[0,34,0,20,9,5,26,6,2,5,15,14,1,6,27],[0,0,30,7,16,7,22,7,1,1,7,22,0,3,27],[46,20,7,73,0,0,45,19,9,37,25,11,4,13,56],[11,9,16,0,36,0,28,7,1,7,12,17,0,3,33],[3,5,7,0,0,15,14,1,0,0,2,13,0,3,12],[39,26,22,45,28,14,87,0,0,25,29,33,0,17,70],[14,6,7,19,7,1,0,27,0,13,6,8,3,1,23],[7,2,1,9,1,0,0,0,10,6,4,0,1,1,8],[38,5,1,37,7,0,25,13,6,44,0,0,3,7,34],[17,15,7,25,12,2,29,6,4,0,39,0,1,8,30],[5,14,22,11,17,13,33,8,0,0,0,41,0,4,37],[3,1,0,4,0,0,0,3,1,3,1,0,4,0,0],[10,6,3,13,3,3,17,1,1,7,8,4,0,19,0],[47,27,27,56,33,12,70,23,8,34,30,37,0,0,101]],"female_elderly_elsewhere":[[62,0,0,43,18,1,27,22,13,35,19,8,8,11,43],[0,30,0,12,17,1,24,6,0,1,20,9,1,3,26],[0,0,23,4,9,10,20,3,0,1,9,13,0,1,22],[43,12,4,59,0,0,31,18,10,32,23,4,8,13,38],[18,17,9,0,44,0,31,10,3,5,22,17,1,2,41],[1,1,10,0,0,12,9,3,0,0,3,9,0,0,12],[27,24,20,31,31,9,71,0,0,17,29,25,5,5,61],[22,6,3,18,10,3,0,31,0,11,16,4,2,4,25],[13,0,0,10,3,0,0,0,13,9,3,1,2,6,5],[35,1,1,32,5,0,17,11,9,37,0,0,8,7,22],[19,20,9,23,22,3,29,16,3,0,48,0,1,8,39],[8,9,13,4,17,9,25,4,1,0,0,30,0,0,30],[8,1,0,8,1,0,5,2,2,8,1,0,9,0,0],[11,3,1,13,2,0,5,4,6,7,8,0,0,15,0],[43,26,22,38,41,12,61,25,5,22,39,30,0,0,91]]}}